suspected_drug_type_id,property_id,est_drug_qty,drug_measure_type_id,nibrs_suspected_drug_id
5,48014644,0.2,1,3106730
2,48014650,0.3,1,3106731
5,48080120,0.4,1,3110947
12,48080129,0.5,1,3110948
12,48080145,0.5,1,3110949
5,48080150,401.4,1,3110950
17,48080155,31,9,3110951
5,48080157,14.2,1,3110952
2,48080209,0.6,1,3110979
5,48080234,14.2,1,3110980
5,48075668,2,1,3111031
5,48072062,11.1,1,3111063
2,48072075,4.4,1,3111064
5,48072095,3.2,1,3111065
5,48072097,1.6,1,3111066
5,48072102,2.5,1,3111067
5,48072112,6.4,1,3111068
5,48075805,5.9,1,3111094
2,48075816,0.1,1,3111095
5,48075817,0.1,1,3111096
5,48072191,13,1,3111097
2,48074761,4.2,1,3111127
5,48072341,1,1,3111144
5,48073639,1.5,1,3111146
2,48074844,1.1,1,3111147
11,48074874,3.1,1,3111169
5,48072421,15.4,1,3111175
5,48072425,5.4,1,3111176
5,48072438,21.8,1,3111177
12,48072446,29.6,1,3111178
2,48073840,0.08,1,3111209
2,48073855,36.2,1,3111210
12,48132420,1.2,1,3115444
1,48132429,6,1,3115445
5,48132430,4.1,3,3115446
12,48132491,1,1,3115461
12,48132519,1,9,3115462
5,48132541,0.199,3,3115463
1,48132557,0.99,1,3115464
5,48132559,0.99,3,3115465
5,48133702,1.99,3,3115466
8,48133725,1,1,3115467
5,48133727,0.6,3,3115468
5,48133728,1.99,3,3115469
5,48133735,0.199,3,3115470
5,48133739,0.6,1,3115471
8,48130124,1,1,3115479
1,48132562,7.4,1,3115486
5,48132574,1.99,3,3115487
5,48132596,1.99,3,3115488
5,48132600,0.65,3,3115489
12,48132615,0.99,1,3115490
1,48133771,46,1,3115492
5,48133779,1.99,3,3115493
5,48133798,0.199,3,3115494
12,48133803,0.2,1,3115495
5,48133807,490.3,1,3115496
5,48133809,0.199,3,3115497
1,48133811,1.99,1,3115498
5,48133814,0.199,3,3115499
5,48133835,0.99,3,3115500
5,48130149,1,3,3115501
12,48130166,3.1,1,3115502
5,48130183,0.99,3,3115503
5,48133852,1,1,3115517
5,48133855,17.945,3,3115518
5,48133856,1.99,3,3115519
5,48133859,1.99,3,3115520
2,48133871,0.9,1,3115521
5,48133877,1.99,3,3115522
2,48133882,46.5,1,3115523
5,48133889,1.99,3,3115524
5,48133894,1.99,3,3115525
5,48132771,1.99,3,3115538
12,48132777,8,1,3115539
12,48133925,4.5,1,3115540
5,48133954,1.23,3,3115541
5,48133972,0.99,3,3115542
5,48131640,8.7,1,3115549
5,48132818,1.99,3,3115550
8,48134008,5,9,3115551
5,48134009,1.99,3,3115552
2,48134011,1,1,3115553
5,48134038,1.99,3,3115554
1,48134054,1,1,3115555
12,48144753,0.3,1,3115562
2,48144765,0.12,1,3115563
2,48144770,53.7,1,3115564
5,48144783,4.9,1,3115585
5,48144795,4,1,3115586
5,48144820,17.8,1,3115587
1,48201259,1,1,3120029
5,48201288,1.8,4,3120045
5,48201290,2.145,3,3120046
5,48201292,1.99,3,3120047
5,48201433,0.65,3,3120074
5,48201441,0.27,3,3120075
5,48201464,0.01,3,3120076
2,48201473,0.26,1,3120077
12,48201488,16.6,1,3120078
5,48201569,4,3,3120097
8,48201571,0.13,1,3120108
5,48201632,0.03,3,3120109
5,48201638,0.04,3,3120110
5,48201709,1.99,3,3120131
1,48201727,0.001,1,3120148
5,48201762,0.99,3,3120149
5,48201772,0.3,1,3120150
5,48201773,0.38,3,3120151
1,48202966,0.62,1,3120153
5,48201861,16.9,1,3120161
5,48201873,1.65,3,3120162
5,48201902,0.99,3,3120175
2,48201903,220,1,3120176
5,48201919,1.99,3,3120177
1,48203105,1.2,1,3120178
1,48203115,0.3,1,3120179
8,48203116,0.64,1,3120180
5,48202001,10,1,3120188
5,48202039,1.1,1,3120203
1,48202053,0.001,1,3120204
5,48202066,1.99,3,3120205
5,48202087,0.07,3,3120206
5,48202090,0.15,3,3120207
2,48202094,0.99,1,3120208
4,48277659,0.08,1,3124595
1,48277793,0.99,1,3124622
12,47958780,2.3,1,3102862
5,47958790,4.5,1,3102863
2,47958803,0.3,1,3102864
17,47959198,4,9,3102903
5,47959208,0.8,1,3102904
5,47959218,2.5,1,3102905
5,47959219,9,1,3102906
2,47959735,0.2,1,3102925
5,47959759,22.05,1,3102926
17,47959783,88,9,3102927
2,47960093,1.5,1,3102985
17,47960105,0.2,1,3102986
2,47960115,0.1,1,3102987
17,47960116,1,9,3102988
5,47960122,3.3,1,3102989
12,47960125,4.4,1,3102990
5,47960175,7.4,1,3102991
12,47960334,0.6,1,3103004
5,47960430,16.15,1,3103005
12,48072631,172.01,1,3111228
5,48072634,4.7,1,3111229
5,48075117,22.3,1,3111232
5,48075133,2.4,1,3111233
5,48072650,0.9,1,3111242
2,48072654,5.7,1,3111243
2,48072704,0.4,1,3111244
2,48072705,0.2,1,3111245
5,48073959,3.2,1,3111246
5,48075158,0.8,1,3111247
16,48075164,1,9,3111248
2,48075186,0.3,1,3111249
5,48075245,31,1,3111257
5,48074234,3.5,1,3111303
5,48076621,6,1,3111307
5,48086393,5.7,1,3111415
4,48088816,1.4,1,3111420
5,48088833,1.7,1,3111421
5,48088890,0.4,1,3111431
2,48086685,4.3,1,3111485
5,48086700,29.4,1,3111486
5,48086711,2.5,1,3111487
1,48145716,0.51,1,3115889
5,48145728,51.14,1,3115890
16,48145777,0.58,1,3115908
5,48145779,0.99,3,3115909
5,48145790,0.14,3,3115910
5,48140023,1.75,1,3115949
1,48141176,0.86,1,3115950
1,48141183,0.15,1,3115951
1,48141189,1.1,1,3115952
5,48141222,0.76,1,3115953
1,48140052,0.2,1,3115971
5,48202116,0.12,3,3120225
1,48202122,0.99,1,3120226
8,48202141,7.3,1,3120227
5,48202158,1.99,3,3120228
5,48202178,1.99,3,3120247
5,48202194,0.79,3,3120248
5,48202217,1.99,3,3120249
12,48202221,2.44,1,3120250
1,48202239,2,1,3120251
5,48202248,0.375,3,3120252
5,48199913,0.27,1,3120267
1,48199915,0.99,1,3120268
5,48201121,0.02,3,3120272
5,48198021,0.16,3,3120380
5,48200483,2.145,3,3120399
5,48200509,0.28,1,3120400
5,48200525,0.07,3,3120407
5,48200533,0.04,3,3120408
5,48200536,0.125,3,3120409
5,48200550,0.48,3,3120410
12,48200553,1,1,3120411
5,48200579,49.9,4,3120412
5,48196915,0.63,3,3120416
5,48196919,1.28,1,3120417
8,48196930,0.96,1,3120418
12,48196957,0.2,1,3120419
8,48196963,0.27,1,3120420
8,48198177,4.7,1,3120421
5,48199386,1,1,3120428
12,48199387,25.2,1,3120429
8,48199395,1.63,1,3120430
5,48199406,0.19,3,3120431
1,48199427,10.88,1,3120432
5,48199428,0.99,3,3120433
5,48199429,8.8,1,3120434
5,48199430,0.05,3,3120435
5,48199443,5.5,1,3120436
5,48200594,0.05,3,3120437
5,48200623,3.07,1,3120438
1,48200631,0.18,1,3120439
5,48200636,0.15,3,3120440
5,48200654,0.01,3,3120441
5,48196989,6.18,3,3120442
5,48196998,0.28,3,3120443
1,48199471,3.76,1,3120454
8,48199479,13.3,1,3120455
5,48199484,0.03,3,3120456
5,48200664,0.199,3,3120461
5,48200665,3.12,3,3120462
5,48200674,0.13,3,3120463
2,48200675,0.69,1,3120464
12,48200678,0.99,1,3120465
5,48200693,4.5,1,3120466
12,48200694,8.6,1,3120467
2,48200703,0.99,1,3120468
5,48200766,1.99,3,3120484
8,48200776,200,9,3120485
5,48200786,0.06,3,3120486
8,48200787,0.4,1,3120487
5,48200799,0.025,3,3120488
5,48197124,0.08,3,3120489
5,48273588,0.16,3,3124741
5,48273594,0.05,3,3124742
2,48273597,0.1,1,3124743
5,48273606,1,1,3124744
5,48273658,0.1,3,3124745
12,48273664,0.99,1,3124757
5,48273670,0.7,1,3124758
8,48276322,42,1,3124799
8,48275341,1,9,3124834
5,48275367,0.04,3,3124835
12,48275389,0.07,1,3124836
5,48276592,0.08,3,3124837
5,48275410,1.4,1,3124846
8,48275430,0.27,1,3124847
5,48276702,0.05,1,3124858
8,48275595,1.42,1,3124864
1,48275615,0.2,1,3124865
1,48275633,0.1,1,3124875
12,48275652,3.4,1,3124876
5,48275688,4.4,1,3124877
5,48275689,5.4,1,3124878
5,48275698,0.12,3,3124879
1,48276845,0.001,1,3124880
5,48276891,0.46,3,3124881
5,48274496,0.165,3,3124887
12,48274537,0.4,1,3124888
5,48274540,0.03,3,3124889
12,48275835,0.5,1,3124898
1,48275851,20.3,1,3124911
5,48275857,2,1,3124912
5,48274763,0.99,3,3124922
5,48275942,0.36,3,3124924
1,48276001,2.7,1,3124925
2,48367432,0.9,1,3129417
1,48367455,20.2,1,3129418
5,48367466,0.056,3,3129419
1,48367473,109,1,3129420
5,48367492,3.115,3,3129421
4,48366418,0.1,1,3129474
15,48366461,0.019,1,3129475
5,48366486,0.09,3,3129476
2,47960432,0.6,1,3103006
5,47960840,4.4,1,3103028
2,47960906,11.4,1,3103030
2,47960920,1.5,1,3103031
2,47960372,0.5,1,3103032
2,47960382,0.2,1,3103033
5,47960391,0.9,1,3103034
2,47960396,0.4,1,3103035
2,47960407,1.1,1,3103036
5,47960408,0.1,1,3103037
12,47960413,1.7,1,3103038
2,47960418,0.1,1,3103039
5,47960427,14.6,1,3103040
5,47961687,13.6,1,3103092
17,47961691,0.3,1,3103093
5,47961703,0.9,1,3103101
5,47961714,20.5,1,3103102
17,47961740,1.5,1,3103103
17,47961751,0.5,1,3103104
5,47961757,3,1,3103105
12,47961773,0.2,1,3103106
12,47961833,5,1,3103111
5,47961834,2,1,3103112
5,47961844,22.3,1,3103113
2,47961889,0.08,1,3103114
5,47961906,5,1,3103115
17,47961908,5.2,1,3103116
5,47962199,6.4,1,3103170
17,47962491,29.5,9,3103184
5,47963094,16.8,1,3103210
5,47963100,44.42,4,3103211
12,47963105,5,1,3103212
2,47963106,0.5,1,3103213
2,47963109,0.3,1,3103214
2,47963142,1.2,1,3103215
12,47963162,4.9,1,3103216
5,47963173,2,1,3103217
12,47963181,1.2,1,3103218
12,47963358,0.3,1,3103229
5,47963366,2.1,1,3103230
12,47963416,34.9,1,3103231
2,47963430,0.1,1,3103232
2,47964019,0.1,1,3103255
5,47964062,4.7,1,3103256
2,47964308,0.1,1,3103261
2,47964311,0.03,1,3103262
2,47964345,0.2,1,3103269
2,48088109,1.6,1,3111524
5,48090461,12.3,1,3111532
5,48088124,0.7,1,3111534
5,48088126,1,1,3111535
12,48088128,4.6,1,3111536
12,48088142,1.6,7,3111537
12,48090496,7.8,1,3111542
5,48090502,15.6,1,3111543
5,48088212,27.9,1,3111547
5,48142475,0.3,1,3115996
5,48142480,19.86,1,3115997
8,48142490,9.78,1,3115998
16,48142508,153,9,3116027
5,48142549,5.45,1,3116028
5,48142550,5.25,1,3116029
8,48142553,1,1,3116030
5,48140203,9.7,1,3116042
5,48140231,4.84,1,3116043
1,48140265,0.4,1,3116068
5,48140306,0.385,3,3116069
5,48139062,0.305,3,3116094
2,48139075,0.5,1,3116095
5,48139079,2.35,1,3116096
8,48139116,14,9,3116097
5,48140339,1.61,1,3116098
1,48141527,1.99,1,3116101
5,48141528,22.72,1,3116102
8,48141530,22.8,1,3116103
12,48141538,0.3,1,3116104
5,48141555,12.23,1,3116105
5,48141566,1,1,3116106
5,48139147,68.5,1,3116125
5,48139156,2.13,1,3116126
5,48139178,14.12,1,3116127
1,48140435,11.65,1,3116137
5,48140457,12,1,3116138
1,48140469,0.8,1,3116139
5,48140470,0.23,1,3116140
5,48141612,0.23,1,3116141
5,48139321,0.06,3,3116190
2,48139330,0.6,1,3116191
2,48139374,0.1,1,3116210
5,48139469,10.05,1,3116252
5,48139470,1.99,3,3116253
8,48139476,0.64,1,3116254
5,48139478,0.43,1,3116255
8,48139493,2.63,1,3116256
2,48197125,0.2,1,3120490
12,48197164,2.54,1,3120491
1,48197179,0.1,1,3120492
5,48198448,0.3,1,3120495
5,48198468,18.5,1,3120496
5,48200852,0.01,3,3120500
1,48200867,0.35,1,3120501
1,48197207,0.4,1,3120503
8,48197214,3.8,9,3120504
1,48197219,50.81,1,3120505
5,48198490,1.07,3,3120506
5,48198528,13,1,3120507
5,48198529,2.32,1,3120508
2,48198530,0.51,1,3120509
1,48200979,0.99,1,3120523
5,48200990,1.99,3,3120524
8,48200998,0.3,1,3120525
5,48201110,0.04,3,3120548
5,48291147,6.05,3,3125151
5,48283107,4.23,3,3125200
5,48283109,0.04,3,3125201
5,48283117,0.03,3,3125202
5,48283127,0.15,3,3125203
5,48283128,0.1,3,3125204
5,48284323,0.05,3,3125207
5,48284350,0.05,3,3125208
2,48284352,3.7,1,3125209
16,48285519,0.1,1,3125211
5,48285710,1.4,3,3125264
16,48285712,2.9,9,3125265
5,48284673,12.25,3,3125278
12,48284744,1.8,1,3125293
16,48284808,0.01,7,3125294
5,48366512,0.35,3,3129495
1,48366537,0.2,1,3129496
5,48373830,0.22,3,3129730
13,48375060,1.8,1,3129737
5,48375079,0.02,3,3129738
2,48375091,20,1,3129739
1,48376338,1.3,1,3129740
5,48377453,2.29,3,3129741
12,48377513,0.1,1,3129742
1,48375137,0.3,1,3129748
5,48375149,0.27,3,3129749
5,48375164,1,3,3129750
5,48375175,0.01,3,3129751
1,48375176,2.8,1,3129752
2,48376381,0.8,1,3129755
12,48374000,0.1,1,3129766
5,48374003,1,3,3129767
12,47972535,18,9,3103383
12,47973749,1.4,1,3103386
17,47973767,20,9,3103387
5,47973793,9.1,1,3103388
17,47974966,5.9,1,3103389
5,47974997,0.8,1,3103390
17,47975039,7.1,1,3103404
1,47975042,2,1,3103405
5,47971485,1,1,3103407
5,47973996,2.8,1,3103432
5,47973999,1.8,1,3103433
5,47974015,0.9,1,3103434
1,47974030,0.2,1,3103435
1,47974032,3.68,1,3103436
12,47974040,0.4,1,3103437
5,47971643,2.1,1,3103446
12,47971657,0.69,1,3103447
2,47971660,0.2,1,3103448
1,47971668,0.2,1,3103449
2,47971693,0.2,1,3103450
5,47974075,2.4,1,3103453
5,47974098,3,10,3103454
5,47971922,7.2,1,3103492
5,47971957,3.2,1,3103503
2,47971966,13.2,1,3103504
17,47971975,7.5,9,3103505
12,48081710,1.6,1,3111800
5,48081719,3,1,3111801
5,48081761,11.1,1,3111802
5,48085461,4.3,1,3111869
12,48085470,4.2,1,3111870
12,48085506,4.1,1,3111871
5,48085514,0.8,1,3111872
5,48084341,7.1,1,3111900
5,48084375,36.8,1,3111901
2,48084377,4.7,1,3111902
2,48084379,40.8,1,3111903
5,48084395,92.1,10,3111904
5,48084438,0.6,1,3111916
12,48084455,1.3,1,3111917
2,48085720,1,1,3111946
5,48083423,2.8,1,3111960
5,48083424,0.7,1,3111961
5,48084591,1.6,1,3111962
5,48084593,5.5,1,3111963
5,48085748,1.1,1,3111965
2,48085758,0.3,1,3111966
5,48085760,5.7,1,3111967
5,48083436,2.8,1,3111978
5,48083472,0.8,1,3111979
5,48083489,5.6,1,3111980
4,48083496,11,1,3111981
5,48085818,4.3,1,3111987
1,48085819,0.8,1,3111988
1,48085822,0.1,1,3111989
5,48083501,0.5,1,3111996
5,48139507,11.9,1,3116290
8,48139510,6,9,3116291
5,48139511,1.86,1,3116292
5,48139512,32.45,1,3116293
5,48139526,0.43,1,3116294
5,48139543,0.58,1,3116295
5,48139555,2.16,1,3116296
1,48139558,0.99,1,3116297
5,48139564,0.16,3,3116298
12,48139575,0.7,1,3116299
8,48139586,6,9,3116331
5,48140880,1.99,3,3116332
8,48140892,2,9,3116333
8,48140923,0.2,1,3116334
1,48142053,0.4,1,3116335
5,48140928,1.99,3,3116351
8,48140936,1,1,3116352
5,48141116,0.12,3,3116438
5,48141126,4.22,1,3116439
2,48141133,0.99,1,3116440
12,48141134,2.4,1,3116441
5,48139951,1.99,3,3116472
5,48207149,1.9,1,3120808
5,48207173,0.12,3,3120809
5,48207204,1.99,3,3120810
5,48207219,0.185,3,3120821
8,48207237,1,9,3120822
5,48206193,0.265,3,3120878
5,48206238,0.99,3,3120890
5,48208916,0.09,3,3120925
5,48208917,0.09,3,3120926
5,48208935,0.15,3,3120927
5,48208938,2.21,1,3120928
12,48208940,0.09,1,3120929
5,48208956,0.99,3,3120947
5,48208002,0.99,3,3121004
5,48208004,1.99,3,3121005
1,48208005,1.27,1,3121006
12,48208006,26,1,3121007
5,48208050,0.15,3,3121012
16,48285976,4,9,3125297
13,48285978,10,9,3125298
16,48284843,2.5,9,3125300
5,48284846,1.8,3,3125301
16,48284854,0.64,9,3125302
1,48284872,0.1,1,3125303
5,48283803,0.99,3,3125318
16,48285042,0.9,1,3125348
5,48285043,0.27,3,3125349
5,48285059,0.2,3,3125350
5,48285061,0.05,3,3125351
16,48285073,4,9,3125352
8,48285090,13.54,1,3125353
5,48285097,0.35,3,3125354
5,48285100,3.1,1,3125355
5,48285107,643.8,1,3125356
8,48283949,6,9,3125374
16,48283965,4,9,3125375
5,48283987,0.05,3,3125376
13,48283988,1,1,3125377
2,48285113,0.9,1,3125378
16,48285129,0.6,1,3125379
5,48285145,0.05,3,3125380
5,48285175,0.15,3,3125381
5,48284004,0.1,3,3125393
5,48284023,0.15,3,3125394
5,48285191,0.2,3,3125395
16,48285196,23,9,3125396
12,48285217,7.8,1,3125397
4,48285220,20,1,3125398
4,48285223,0.5,1,3125399
5,48285229,29.6,1,3125400
5,48285230,0.15,3,3125401
5,48285241,53,3,3125402
5,48285245,2.78,1,3125403
5,48285252,13.93,1,3125404
12,48286409,1.9,1,3125405
16,48286451,2,9,3125406
16,48285286,2,9,3125413
16,48286458,4,9,3125415
16,48286508,4.43,1,3125416
13,48286515,1,9,3125417
5,48284216,0.12,3,3125430
5,48283048,0.05,3,3125451
16,48283063,11,9,3125452
15,48298653,12,9,3125477
8,48299805,3,9,3125478
12,48299820,1.87,1,3125479
5,48298668,4,3,3125482
5,48298670,0.25,3,3125483
12,48298672,1.9,1,3125484
12,48299902,0.3,1,3125487
12,48300072,6.2,1,3125502
5,48300099,0.1,3,3125507
12,48300109,8,1,3125508
16,48300112,16,9,3125509
15,48300152,2,9,3125510
13,48300211,10,9,3125516
8,48300222,3.2,1,3125517
5,48300239,0.09,3,3125518
17,48300252,17,9,3125542
15,48300267,4,9,3125543
2,48300307,0.8,1,3125544
16,48300326,15,9,3125553
12,48300386,0.6,1,3125554
12,48300394,0.3,1,3125555
13,48299222,3,9,3125565
5,48300399,0.15,3,3125566
5,48300403,0.23,3,3125567
12,48300425,0.99,1,3125568
12,48300428,0.8,1,3125569
12,48300444,1.5,1,3125570
5,48300451,0.1,3,3125571
1,48374032,0.3,1,3129768
16,48374067,7.8,1,3129783
5,48374129,0.05,3,3129784
5,48376581,0.13,3,3129790
2,48374152,70,1,3129797
1,48374181,0.2,1,3129798
12,48374182,11,1,3129799
2,48374206,0.5,1,3129800
1,48375415,0.5,1,3129801
5,48375416,3,1,3129802
5,48376634,1,1,3129803
1,48376646,25.5,1,3129804
5,48374212,1,3,3129810
5,48374243,0.1,3,3129811
5,48374254,0.211,3,3129812
5,48375442,71.3,1,3129815
1,48375447,0.8,1,3129816
5,48375460,0.65,3,3129817
5,48375461,0.176,3,3129818
1,48375471,0.6,1,3129819
5,48376718,0.04,3,3129825
8,48376751,0.41,1,3129854
5,48376768,0.02,3,3129855
5,48376786,0.3,3,3129856
5,48376793,0.05,3,3129857
5,48374422,1.39,3,3129864
5,48374423,0.155,3,3129865
1,48376844,0.1,1,3129869
12,48376850,7,1,3129870
2,48376851,5.9,1,3129871
5,48376863,2.7,1,3129872
5,48373278,0.06,3,3129877
5,48376958,2.5,1,3129882
1,48376968,0.7,1,3129883
1,48373304,0.3,1,3129884
5,48373329,0.03,3,3129885
5,48373338,1.5,1,3129886
5,48373364,0.56,3,3129887
5,48373394,8.67,1,3129895
1,48373404,34,1,3129896
2,48373409,5.3,1,3129897
5,48375835,1,11,3129900
5,48377131,0.04,3,3129904
5,48374695,0.28,3,3129911
2,48374698,0.7,1,3129912
12,48374733,1.7,1,3129913
5,48375973,2.2,3,3129914
14,48377191,0.9,1,3129915
12,48377209,5,1,3129916
6,48376019,3,1,3129922
5,48376040,9,1,3129923
1,48377217,0.1,1,3129924
12,48377226,4.1,1,3129925
1,48377249,1.2,1,3129926
5,48376061,0.27,3,3129932
5,48376073,2.5,1,3129933
1,48376074,8,1,3129934
5,48376080,0.5,3,3129935
12,48373717,234,1,3129941
1,48373745,2.5,1,3129942
5,48377442,0.08,3,3129954
5,48373757,176.8,1,3129955
12,48373776,1.26,3,3129956
5,48373802,0.74,3,3129957
5,48373805,0.07,3,3129958
2,48373815,0.1,1,3129959
1,48373816,0.3,1,3129960
12,48375012,0.15,1,3129961
17,48375025,0,,3129962
2,48376254,0.5,1,3129965
5,48376269,0.12,3,3129966
5,48376286,5.5,1,3129967
5,48370213,405,1,3129978
15,48371441,2,9,3129979
5,48371442,0.12,3,3129980
5,48371480,4.28,3,3129981
5,48371504,0.1,3,3129982
1,48370293,0.5,1,3129988
5,48370302,0.125,3,3129989
5,48370324,4.9,1,3129990
12,48370360,494.5,1,3129991
12,48371521,0.01,1,3129992
1,48371579,0.4,1,3129993
1,48369204,0.5,1,3130008
2,48370362,2.7,1,3130009
17,48370368,0,,3130010
12,48370369,0.1,1,3130011
5,48371594,6.9,1,3130013
1,48369266,2,1,3130024
5,48369366,1.054,3,3130043
5,48507541,0.24,3,3137134
1,48507570,0.5,1,3137154
12,48507571,0.7,1,3137155
5,48507586,0.15,3,3137156
1,48507600,0.5,1,3137157
5,48507601,0.77,3,3137158
1,48507678,0.6,1,3137165
5,48508914,31.3,1,3137168
12,48506707,58.61,1,3137202
5,48506713,0.007,3,3137203
5,48506716,0.14,3,3137204
16,48506719,1,9,3137215
5,48506722,46,1,3137216
1,48506723,1.2,1,3137217
1,48506746,0.1,1,3137218
5,48506766,0.21,3,3137219
5,48506793,35.7,1,3137220
5,48506818,3.9,1,3137236
2,48506819,9,1,3137237
4,48506821,3,1,3137238
1,48510735,7.15,1,3137295
2,48510737,0.5,1,3137296
4,48510738,1.1,1,3137297
5,48510750,0.83,3,3137298
12,48510754,0.5,1,3137299
1,48510764,0.2,1,3137315
2,48508538,1.1,1,3137342
5,48508551,0.5,1,3137343
12,48084867,0.1,1,3112074
12,48097016,17.2,1,3112097
8,48097017,15,9,3112098
16,48097027,13,9,3112099
8,48097029,8,9,3112100
12,48097037,0.2,1,3112101
8,48097038,1.5,9,3112102
16,48097042,7,5,3112103
12,48096073,18.3,1,3112147
5,48099771,1.6,3,3112164
5,48099773,4,1,3112165
16,48099776,3,9,3112166
8,48099782,5.5,1,3112167
5,48099788,0.05,3,3112180
5,48099793,0.28,3,3112181
5,48099794,0.12,3,3112182
5,48099822,0.18,3,3112183
5,48099828,1.1,3,3112184
12,48099834,3.1,1,3112185
5,48099842,0.27,3,3112186
1,48099855,0.1,1,3112187
16,48096244,48,1,3112192
12,48099863,0.8,1,3112198
5,48099864,0.07,3,3112199
5,48099874,0.02,3,3112200
2,48099875,2.3,1,3112201
16,48096250,9.7,9,3112204
5,48096252,0.03,3,3112205
2,48097651,1.2,1,3112243
5,48097681,0.33,3,3112244
5,48097682,0.2,3,3112245
2,48097694,0.5,1,3112246
2,48097702,2.1,1,3112247
4,48098871,2.4,1,3112248
5,48098877,0.03,3,3112249
5,48098878,1.3,3,3112250
16,48098879,42,9,3112251
5,48098891,2,3,3112252
5,48098897,0.18,3,3112253
5,48098907,24,3,3112254
2,48098916,1,1,3112255
16,48098922,1,9,3112256
2,48097723,0.3,1,3112264
15,48097725,42,9,3112265
5,48097731,0.95,3,3112266
16,48097732,5.6,1,3112267
15,48097733,84,9,3112268
16,48097756,30.5,9,3112269
2,48097763,3.8,1,3112270
12,48096729,3.7,1,3112334
8,48096730,2,9,3112335
5,48096744,0.12,3,3112336
5,48096756,0.35,3,3112337
5,48096766,0.03,3,3112338
5,48096784,0.18,3,3112339
5,48299542,0.1,3,3125649
5,48299548,0.05,3,3125650
5,48300759,0.1,3,3125652
5,48300763,0.1,3,3125653
5,48299580,0.12,3,3125661
5,48299612,0.05,3,3125662
12,48300785,0.02,1,3125664
12,48300787,6.9,1,3125665
5,48300789,0.32,3,3125666
16,48300810,1,9,3125667
5,48292560,0.15,3,3125681
2,48292567,1.1,1,3125682
11,48292568,31.5,1,3125683
16,48292574,9,9,3125684
5,48292604,0.17,3,3125685
5,48292612,0.2,3,3125686
16,48293783,3,9,3125687
5,48293790,0.19,3,3125688
1,48292653,0.2,1,3125703
5,48292656,0.05,3,3125704
5,48292665,1,3,3125705
5,48292695,0.5,3,3125706
5,48292722,0.2,3,3125720
15,48292752,28.5,9,3125721
13,48295130,26,1,3125734
2,48295143,9,1,3125735
16,48295184,9,9,3125742
5,48295205,0.045,3,3125743
5,48295210,4.3,3,3125744
16,48292879,3.5,1,3125748
16,48292888,8,1,3125749
5,48292895,0.15,3,3125750
5,48292913,23.3,3,3125751
2,48294050,2,1,3125752
12,48294070,0.8,1,3125753
5,48294080,0.05,3,3125754
16,48294102,20,9,3125755
5,48294111,0.27,3,3125756
5,48294116,267.85,3,3125757
5,48292966,1.85,3,3125764
2,48292982,0.3,1,3125765
5,48292993,1.75,3,3125766
16,48294117,14,9,3125767
5,48294131,0.1,3,3125768
12,48294138,0.6,1,3125769
16,48294147,0.5,9,3125770
16,48291848,1,9,3125811
5,48294296,0.35,3,3125830
1,48369388,0.1,1,3130044
1,48370679,0.41,1,3130061
1,48370691,0.6,1,3130062
1,48370692,0.2,1,3130063
12,48371992,0.2,1,3130077
5,48371993,7.654,3,3130078
1,48369718,38.2,1,3130101
2,48369722,5.4,1,3130102
1,48369731,0.02,1,3130103
16,48369743,204.5,9,3130104
1,48370914,6.9,1,3130105
4,48370936,0.2,1,3130106
2,48370974,0.5,1,3130107
5,48369794,0.125,3,3130121
1,48369820,0.01,1,3130122
1,48370986,0.1,1,3130123
17,48371009,1,11,3130124
12,48371010,2.7,1,3130125
5,48371011,4.2,1,3130126
2,48371028,0.01,1,3130127
12,48371032,0.9,1,3130128
5,48371057,15,1,3130141
17,48371071,0,,3130142
4,48371089,0.16,1,3130143
16,48371108,1,1,3130144
1,48371132,0.25,1,3130160
5,48372368,0.403,3,3130163
5,48372370,0.035,3,3130164
5,48372384,0.175,3,3130165
1,48372391,0.2,1,3130166
5,48372393,0.158,3,3130167
5,48372394,0.12,3,3130168
2,48372398,1,1,3130169
5,48372399,0.9,3,3130170
17,48369994,0,,3130176
5,48369995,0.134,3,3130177
17,48372467,0.2,1,3130184
5,48368774,0.052,3,3130193
1,48370157,0.33,1,3130211
5,48370164,0.194,3,3130212
1,48370206,0.65,1,3130213
5,48371431,0.23,3,3130215
2,48371438,1.91,1,3130216
4,48382456,0.7,1,3130249
5,48382465,0.508,3,3130250
12,48382478,6,1,3130251
5,48382497,0.045,3,3130252
12,48382503,5.5,1,3130253
2,48382538,0.3,1,3130264
15,48508559,1,1,3137361
1,48508580,25.7,1,3137362
5,48508593,0.003,3,3137363
5,48508595,2.5,1,3137364
5,48508602,1,11,3137365
5,48509818,0.05,3,3137367
16,48509837,19,9,3137368
2,48509858,127.1,1,3137379
12,48509867,20.2,1,3137380
2,47973432,8,1,3103569
5,47974677,4.2,1,3103588
5,47974680,40.28,1,3103589
12,47974681,74.3,1,3103590
17,47974713,2.8,1,3103591
5,47972353,7,10,3103595
2,47972376,0.59,1,3103596
12,47974771,7.2,1,3103600
5,47972389,3,1,3103608
5,47972408,2.6,1,3103609
12,47972440,1.5,1,3103610
4,47972443,2.8,1,3103611
5,47972473,0.2,1,3103627
5,47973740,1.1,1,3103630
9,47971447,17,9,3103655
8,47971465,8,9,3103656
5,47970288,5.6,1,3103673
5,47970296,289.5,1,3103674
12,47970307,1.7,1,3103675
1,47970371,2.7,1,3103684
12,47970387,3.9,1,3103685
1,47970399,0.1,1,3103686
16,48096785,1,9,3112340
5,48096787,0.24,3,3112358
12,48096941,1.1,1,3112396
5,48096944,4,10,3112397
5,48096974,0.4,3,3112398
5,48096984,0.62,3,3112399
5,48096990,0.08,3,3112400
5,48096992,0.02,3,3112401
15,48097001,3.5,9,3112402
12,48097005,8.4,1,3112403
2,48095135,0.5,1,3112508
2,48095146,0.8,1,3112509
2,48095166,0.1,1,3112510
5,48095377,0.16,3,3112546
2,48091677,0.6,1,3112548
5,48091691,9.8,1,3112549
12,48091715,0.8,1,3112550
12,48094235,11.2,1,3112552
5,48094352,2.7,1,3112590
5,48293158,0.13,3,3125856
5,48293164,8,10,3125857
5,48293168,0.11,3,3125858
16,48293175,8,9,3125859
13,48293178,3,9,3125860
13,48293209,5,9,3125861
15,48294341,47.5,1,3125862
13,48294362,1,1,3125863
2,48294406,5,1,3125864
16,48294409,22,9,3125865
5,48294411,0.14,3,3125866
13,48291988,3,9,3125878
5,48291989,0.3,3,3125879
5,48292007,0.2,3,3125880
5,48294415,0.12,3,3125886
11,48292065,8.5,1,3125903
16,48292089,2,9,3125904
5,48292090,44.36,3,3125905
11,48292100,15,1,3125906
5,48292102,0.1,3,3125907
5,48292113,1,3,3125919
5,48292124,0.07,3,3125920
1,48292131,2,1,3125921
5,48293393,0.01,3,3125923
13,48293414,0.5,9,3125924
12,48295784,3,1,3125930
5,48295808,0.2,3,3125931
5,48295816,1.41,3,3125932
12,48295817,1.3,1,3125933
5,48295836,0.25,3,3125934
5,48293476,1.2,3,3125936
5,48293517,1.9,3,3125937
12,48295852,1.1,1,3125940
5,48295856,0.05,3,3125941
5,48295860,4.97,3,3125942
4,48293634,0.2,1,3125966
15,48293653,3,9,3125967
13,48293660,18,9,3125968
5,48294861,1,3,3125971
12,48296059,7,1,3125980
13,48296060,2,9,3125981
5,48294886,0.2,3,3125993
13,48294907,9,9,3125994
12,48294919,0.9,1,3125995
5,48294938,0.25,3,3125996
13,48296069,2,9,3125997
11,48296073,2,1,3125998
16,48296078,69,1,3125999
5,48296097,1.05,3,3126000
5,48292545,0.05,3,3126008
5,48292546,0.1,3,3126009
5,48379919,0.1,3,3130419
5,48379945,2.5,3,3130420
5,48377521,0.36,3,3130427
1,48377528,0.5,1,3130428
12,48377538,3.9,1,3130429
5,48377556,0.07,3,3130430
5,48377603,0.2,3,3130442
17,48377609,1,9,3130443
5,48377613,0.47,3,3130444
2,48377639,2.8,1,3130445
5,48378942,0.17,3,3130449
5,48378943,0.211,3,3130450
16,48378948,1,9,3130451
5,48378951,0.18,3,3130452
1,48378952,0.4,1,3130453
2,48378953,6,1,3130454
1,48378970,8,1,3130455
5,48378972,0.058,3,3130456
2,48377693,0.2,1,3130464
1,48377706,3.28,1,3130465
5,48377711,0.088,3,3130466
5,48377722,0.17,3,3130467
5,48379002,0.07,3,3130468
5,48379023,0.035,3,3130469
2,48379031,0.4,1,3130470
1,48379042,1.2,1,3130471
1,48377771,0.2,1,3130478
5,48377794,0.25,3,3130479
15,48381518,2,9,3130485
5,48381526,0.017,3,3130486
5,48381543,4.04,1,3130487
5,48381563,0.462,3,3130488
1,48377876,2.5,1,3130489
1,48377893,1.5,1,3130490
2,48377907,2,1,3130496
2,48381739,0.2,1,3130515
5,48381754,0.15,3,3130528
8,48378065,1.8,1,3130536
5,48378066,0.03,3,3130537
5,48378067,5.2,1,3130538
5,48378071,0.23,3,3130539
5,48378132,3,1,3130540
4,48378163,0.1,1,3130551
5,48378187,0.7,3,3130552
5,48379550,0.25,3,3130561
12,48379555,1.7,1,3130562
15,48379558,0.01,1,3130563
5,48380797,0.194,3,3130567
12,48380811,1,1,3130568
12,48380852,1.1,1,3130577
5,48380871,0.14,3,3130578
1,48380892,5.9,1,3130579
5,48378394,3.97,3,3130584
5,48378423,0.056,3,3130585
17,48378437,0,,3130586
2,48378438,1,1,3130587
13,48516231,0.2,1,3137682
5,48516300,0.49,3,3137700
5,48516608,0.3,3,3137780
1,48516662,0.4,1,3137793
5,48516697,1.83,3,3137794
1,47970750,1.7,1,3103767
12,47970767,3.1,1,3103768
5,47970782,5.3,1,3103769
1,47970808,9.5,1,3103783
5,47970980,5.3,1,3103819
5,47971017,36.3,1,3103820
5,47971026,1.4,1,3103821
5,47971035,9.4,1,3103841
5,47971037,4.7,1,3103842
2,47971040,0.06,1,3103843
12,47971042,1.1,1,3103844
5,47971045,0.9,1,3103845
2,47971245,1.2,1,3103897
5,47971247,3.4,1,3103898
17,47971261,5,9,3103913
16,47971279,18,9,3103914
5,48107843,0.04,3,3112653
5,48107845,0.01,3,3112654
5,48107848,0.06,3,3112655
5,48107853,0.48,3,3112656
5,48107860,2.4,4,3112657
5,48110225,0.03,3,3112667
5,48106842,0.071,1,3112688
5,48106844,0.85,3,3112689
5,48106853,0.12,3,3112690
5,48106867,0.05,3,3112708
5,48106874,0.11,3,3112709
5,48106876,0.02,1,3112710
5,48106881,0.31,3,3112711
12,48106892,3.5,1,3112712
5,48106893,0.36,3,3112713
14,48106894,7.1,1,3112714
5,48106896,0.11,3,3112715
5,48109411,1.34,3,3112752
8,48109432,40,9,3112753
8,48108435,12.5,9,3112804
5,48108437,0.22,3,3112805
16,48108441,0.01,1,3112806
16,48108444,0.1,1,3112807
16,48108458,1,1,3112825
16,48108476,4.5,9,3112826
1,48108478,2.9,1,3112827
5,48108482,0.29,3,3112828
5,48108484,0.1,3,3112829
5,48108490,0.25,3,3112830
1,48108504,6.12,3,3112831
12,48108506,11.3,1,3112832
5,48108507,0.21,3,3112833
13,48108508,3,9,3112834
16,48108516,7,9,3112835
5,48109674,0.02,3,3112836
16,48109678,52,9,3112837
16,48107324,12,9,3112847
5,48107365,0.08,3,3112848
5,48107370,0.06,3,3112849
5,48107377,0.18,3,3112850
5,48107384,0.15,3,3112851
1,48108520,1.2,1,3112852
5,48108539,0.06,3,3112853
5,48108541,0.23,3,3112854
5,48108542,0.12,3,3112855
1,48108553,0.6,1,3112856
1,48108563,0.2,1,3112857
4,48107387,0.5,1,3112869
5,48107391,0.07,3,3112870
8,48107535,0.05,1,3112895
1,48378519,95.5,1,3130626
1,48378547,0.3,1,3130627
1,48379853,0.4,1,3130628
5,48379865,3.6,1,3130629
1,48379875,4,1,3130630
12,48378605,21.01,1,3130635
1,48378606,0,1,3130636
1,48378632,0.1,1,3130637
1,48394442,8.2,1,3130641
4,48394474,0.03,1,3130642
5,48394475,0.572,3,3130643
1,48394488,0.01,1,3130644
1,48394496,7,1,3130645
5,48394515,0.14,3,3130655
5,48394531,0.5,3,3130656
16,48394533,0.475,3,3130657
5,48394825,0.49,3,3130693
16,48394963,2.7,1,3130703
1,48393843,15.5,1,3130726
16,48393925,1.26,1,3130735
12,48393931,0.4,1,3130736
1,48393942,3.5,1,3130737
5,48393961,1,11,3130738
1,48393975,28.5,1,3130750
5,48393979,0.3,3,3130751
17,48394026,0,,3130752
16,48394027,22.5,1,3130753
5,48394042,0.2,1,3130754
5,48394078,141,3,3130758
5,48394085,0.702,3,3130759
5,48392930,7.35,3,3130764
5,48392942,0.22,3,3130765
5,48392950,2,3,3130766
1,48392952,0.09,1,3130767
5,48392955,0.14,3,3130768
1,48395372,0.8,1,3130775
5,48395401,1.61,3,3130776
12,48395456,15.6,1,3130780
5,48396681,2.01,3,3130781
5,48393076,0.212,3,3130782
5,48393078,40,1,3130783
5,48393087,0.21,3,3130784
5,48393109,0.08,3,3130785
12,48396711,0.08,1,3130795
2,48393139,0.2,1,3130797
5,47985407,5.8,1,3104128
12,47985456,0.9,1,3104129
12,47985464,2.6,1,3104130
2,47985480,3.3,1,3104146
5,47985505,129.2,1,3104147
1,47981920,1.6,1,3104150
5,47981923,7.6,1,3104151
5,47981975,4,1,3104164
5,47982014,11.3,1,3104165
2,47984492,0.9,1,3104182
5,47984546,12.2,1,3104183
5,47981019,6.6,1,3104195
2,48106352,1,1,3112906
5,48106368,0.17,3,3112907
5,48106374,0.03,3,3112908
17,48106375,29,9,3112909
15,48106378,2,9,3112910
5,48106392,0.23,3,3112911
16,48106401,25,9,3112912
12,48107573,0.7,1,3112913
5,48107580,0.43,3,3112914
5,48107591,1,3,3112915
5,48106404,0.17,3,3112925
5,48106411,0.18,3,3112926
5,48106421,0.1,1,3112927
5,48106447,0.02,3,3112928
5,48106450,14.52,3,3112929
1,48110069,0.2,1,3112945
5,48110081,0.01,3,3112946
5,48110094,0.07,3,3112947
5,48110096,0.13,3,3112948
5,48110108,0.13,3,3112949
2,48107745,0.3,1,3112962
16,48107767,27,9,3112995
15,48107768,2,9,3112996
5,48107827,0.45,3,3112997
5,48100743,0.11,3,3113054
5,48102156,0.6,3,3113095
16,48102161,5,9,3113096
5,48102182,0.1,3,3113097
1,48102196,1.9,1,3113098
5,48102226,0.04,3,3113116
5,48102299,0.24,3,3113142
5,48102312,0.15,3,3113143
5,48102324,0.08,3,3113144
12,48102342,1,1,3113145
5,48102359,0.08,3,3113146
16,48102361,1,1,3113147
8,48300979,3,1,3126602
17,48300998,5,9,3126642
5,48303518,0.03,3,3126649
16,48303557,20,9,3126650
16,48303576,0,,3126672
5,48303579,73.4,1,3126673
17,48303587,5.8,1,3126674
5,48303589,12.1,1,3126675
1,48303599,0.6,1,3126676
5,48403100,1.35,3,3131066
5,48403101,0.154,3,3131067
1,48403102,0.7,1,3131068
1,48403107,0.4,1,3131069
1,48403131,0.6,1,3131070
12,48403144,0.6,1,3131071
1,48401982,0.5,1,3131083
1,48403178,1.2,1,3131084
5,48403191,7.6,1,3131085
5,48403203,0.19,3,3131086
1,48403222,2,1,3131087
2,48402158,7.7,1,3131103
5,48402182,0.2,3,3131119
5,48402184,0.08,3,3131120
5,48402190,2,1,3131121
12,48402191,1.6,1,3131122
5,48402225,6.5,1,3131123
5,48402229,3.6,3,3131124
2,48402230,0.05,1,3131125
2,48402245,0.03,1,3131126
5,48402270,0.524,3,3131135
2,48402272,9,1,3131136
5,48402273,0.12,3,3131137
5,48405847,0.2,3,3131147
1,48405858,0.2,1,3131148
1,48402400,3.1,1,3131162
2,47991802,0.3,1,3104567
5,47991803,0.3,1,3104568
5,47991809,0.7,1,3104569
5,48101177,0.3,3,3113184
5,48101180,0.94,3,3113185
13,48101183,6.8,1,3113186
8,48101207,51,1,3113187
2,48101213,1.6,1,3113188
8,48104928,1,2,3113200
5,48104930,0.01,3,3113201
5,48104939,0.78,3,3113202
5,48101232,0.28,3,3113203
5,48101264,0.08,3,3113204
5,48101274,0.56,3,3113205
5,48104963,0.03,3,3113223
5,48104971,0.01,3,3113224
16,48104974,9.5,1,3113225
5,48104984,0.31,3,3113226
5,48104986,0.02,3,3113227
5,48104987,0.36,3,3113228
12,48104998,0.6,1,3113229
14,48105005,3.02,1,3113230
16,48101343,9,9,3113231
4,48101350,10.5,1,3113232
16,48101357,2.16,1,3113233
16,48101358,78,9,3113234
1,48105031,0.001,1,3113248
12,48105039,1.7,1,3113249
5,48105052,0.08,3,3113250
16,48101390,1,9,3113251
14,48101393,15,9,3113252
13,48101400,0.7,1,3113253
5,48101405,0.23,3,3113254
5,48101427,0.09,3,3113255
5,48101428,0.02,3,3113256
12,48101430,0.07,1,3113257
5,48101433,0.021,3,3113258
5,48104030,0.04,3,3113312
1,48104039,2.5,1,3113313
11,48104042,1,9,3113314
5,48104043,0.37,3,3113315
5,48116222,1.2,1,3113361
5,48116224,0.6,1,3113362
5,48119656,6,1,3113386
16,48119665,0.19,1,3113387
5,48119670,0.1,3,3113388
5,48119671,1.4,1,3113389
2,48119675,1.2,1,3113390
5,48119694,0.95,3,3113391
1,48119696,0.4,1,3113392
5,48119761,0.18,3,3113394
5,48119776,6.2,1,3113395
12,48115199,2.5,1,3113415
5,48115216,0.05,3,3113437
5,48115224,0.09,3,3113438
4,48115225,1.6,1,3113439
5,48301203,12,3,3126686
5,48301204,0.15,3,3126687
5,48301207,0.13,3,3126688
5,48301217,0.15,3,3126689
4,48302584,0.9,1,3126726
12,48301300,1,1,3126731
5,48301311,73.6,1,3126732
5,48301321,14.1,3,3126733
12,48301329,0.6,1,3126734
12,48301345,33,1,3126735
5,48302593,0.11,3,3126736
13,48302596,2,9,3126737
16,48302598,2,9,3126738
5,48302601,0.4,3,3126739
16,48302606,5,9,3126740
5,48302616,0.6,3,3126741
16,48302621,18,9,3126742
17,48302637,2,9,3126743
16,48301853,4,9,3126841
12,48301856,0.1,1,3126842
5,48301877,0.29,3,3126843
5,48301935,0.1,3,3126877
5,48301954,0.32,3,3126878
5,48402404,0.62,3,3131163
8,48402408,10.4,1,3131164
5,48402413,110.6,1,3131165
5,48398053,1,3,3131258
1,48398060,0.01,1,3131259
16,48398062,57,9,3131260
5,48398071,0.353,3,3131261
5,48400428,0.07,3,3131263
12,48398088,0.5,1,3131265
5,48400589,0.205,3,3131271
17,48400650,1,1,3131272
5,48400654,1.3,1,3131273
2,48400680,4.68,1,3131282
17,48400744,0,,3131285
1,48400768,0.1,1,3131286
4,48400771,0.7,1,3131287
1,48400789,0.4,1,3131288
5,48399647,5.19,3,3131292
5,48399666,2,1,3131293
5,48400813,13.6,3,3131294
12,48400821,14.5,1,3131295
5,48399674,0.05,3,3131299
16,48399688,15,9,3131300
5,48399699,0.485,3,3131301
5,48399703,0.16,3,3131302
5,48399710,0.2,3,3131303
5,48399734,0.264,3,3131304
5,48399785,3347.51,1,3131316
1,48399786,0.85,1,3131317
5,48399792,0.605,1,3131318
5,48399808,0.025,3,3131319
1,48401019,0.06,1,3131320
2,48401023,0.2,1,3131321
12,48399821,5.1,1,3131327
5,48399822,0.075,3,3131328
5,48399826,0.123,3,3131329
1,48399832,0.8,1,3131330
1,48399839,0.6,1,3131331
5,48399840,0.197,3,3131332
16,48399870,1,11,3131333
1,48401048,0.015,3,3131334
1,48401063,0.01,1,3131335
7,48401064,16.44,1,3131336
5,48401116,0.123,3,3131347
5,48401117,0.145,3,3131348
5,48401120,0.26,3,3131349
12,48401133,3,1,3131350
1,48401140,0.9,1,3131351
5,48401142,0.5,3,3131352
17,48397579,0,,3131357
5,48397580,0.1,3,3131358
5,48397600,1,11,3131359
5,48397611,596,1,3131360
5,48397613,0.038,3,3131361
5,48401320,0.01,3,3131370
5,48401323,0.235,3,3131371
1,48401332,25.1,1,3131372
12,48398979,0.1,1,3131378
5,48398984,0.075,3,3131379
2,48400165,0.9,1,3131380
1,48401361,1,1,3131381
12,48401404,1.7,1,3131382
1,48401406,0.9,1,3131383
1,48399011,0.8,1,3131386
5,48399013,0.35,3,3131387
5,48399017,0.256,3,3131388
12,48399023,22.5,1,3131389
5,48399052,0.085,3,3131390
5,48401423,0.25,3,3131393
5,48401430,0.112,3,3131394
5,48401440,1.7,3,3131395
1,48401457,0.2,1,3131396
1,48399069,8,1,3131397
1,48401492,0.3,1,3131401
1,48401510,0.01,1,3131402
5,48401518,0.5,3,3131403
12,48401562,50,1,3131404
5,48400401,4.6,1,3131410
5,48400425,1.28,3,3131411
5,48401568,10,4,3131412
5,48413684,4.25,3,3131421
2,48413717,8,1,3131422
12,48416073,21,1,3131429
5,48416085,0.21,3,3131430
1,48416088,6,1,3131431
5,48416094,0.065,3,3131432
5,48416095,0.3,3,3131433
1,48413730,0.2,1,3131437
2,48413737,49,1,3131438
12,47991835,1.5,1,3104570
8,47991852,3,9,3104571
5,47990831,6.4,1,3104602
5,47990869,5.7,1,3104603
5,47990895,2.5,1,3104611
12,47990902,0.7,1,3104612
4,47990928,0.2,1,3104613
5,47990948,4.6,1,3104614
2,47994725,0.6,1,3104649
5,47992502,3.9,1,3104681
5,47992528,2.6,1,3104682
12,47992567,2.5,1,3104700
4,47991564,2,1,3104719
5,47991581,114.07,1,3104730
4,47991595,3.6,1,3104731
2,47991620,0.7,1,3104732
12,47991621,0.5,1,3104733
11,47991623,23.2,1,3104734
12,47991634,4.6,1,3104735
5,47991639,2.7,1,3104736
1,47989519,3.1,1,3104790
5,47989538,1.9,1,3104791
1,47989539,0.03,1,3104792
5,47989543,1.2,1,3104793
5,47989564,0.1,1,3104794
2,47987186,0.4,1,3104798
5,48116518,1,3,3113492
5,48116539,0.095,3,3113493
5,48118904,0.2,3,3113503
5,48118920,2.5,1,3113504
1,48118922,1.1,1,3113505
5,48118963,1,3,3113506
2,48118966,1,1,3113507
5,48118967,2,3,3113508
5,48118979,0.05,3,3113509
8,48118982,9,9,3113532
5,48118997,3,3,3113533
12,48119005,57,9,3113534
5,48115563,5,1,3113542
5,48115570,1,1,3113543
5,48115611,0.2,3,3113559
16,48115617,2,9,3113560
5,48115653,0.6,1,3113561
5,48118016,0.19,3,3113590
5,48118206,10.2,1,3113667
5,48118208,11.8,1,3113668
5,48118210,0.5,1,3113669
1,48117086,0.4,1,3113680
5,48118257,23,1,3113681
2,48118259,1,1,3113682
5,48118280,0.6,3,3113683
5,48118283,1,3,3113684
5,48118284,1,3,3113685
5,48118286,2,3,3113686
5,48118298,1.99,3,3113687
12,48119505,2,9,3113695
8,48119534,50,9,3113713
5,48119548,0.5,3,3113714
5,48119553,2,1,3113715
5,48119555,1.99,3,3113716
5,48116103,0.6,3,3113723
16,48117242,9,9,3113727
16,48415046,0.85,1,3131446
2,48415050,0.5,1,3131447
5,48415072,0.01,3,3131448
1,48415095,84.6,1,3131449
5,48415097,0.07,3,3131450
1,48411907,0.2,1,3131538
1,48411909,0.3,1,3131539
5,48415578,0.299,3,3131552
1,48413184,2.1,1,3131563
5,48413191,13.3,1,3131564
5,48413222,0.065,3,3131565
5,48414607,414,1,3131581
5,48414622,0.26,3,3131582
5,48414636,0.5,3,3131583
12,48414641,0.03,1,3131584
16,48412237,42,9,3131587
12,48412242,2.2,1,3131588
5,48414646,0.5,3,3131592
1,48414647,1.1,1,3131593
5,48414660,4.19,3,3131594
1,48414669,3,1,3131595
5,48414674,0.1,3,3131596
15,48414716,2.8,1,3131597
5,48414717,8.289,3,3131598
2,48412266,0.2,1,3131600
4,48412282,0.3,1,3131601
1,48416010,1,1,3131608
13,48408817,0.05,1,3131615
5,48408857,0.115,1,3131616
1,48410043,2.8,1,3131617
8,48410062,5,9,3131618
1,48407704,0.7,1,3131621
1,48408883,1.3,1,3131626
5,48408884,0.179,3,3131627
4,48408902,0.2,1,3131628
5,48408913,0.17,3,3131629
5,48408915,0.39,3,3131630
5,48408924,0.045,1,3131631
1,48406736,0.01,1,3131678
5,48406744,5.7,1,3131679
1,48406807,2.5,1,3131688
5,48410532,1,3,3131695
5,48410536,1.06,1,3131696
5,48406838,3.8,1,3131698
1,48406864,0.7,1,3131699
5,48408123,1,11,3131702
2,48408136,3,1,3131703
5,48408158,0.211,3,3131704
5,48408159,3.09,1,3131705
1,48408160,0.1,1,3131706
5,48408174,237.02,3,3131707
5,48408175,1,3,3131708
2,47990148,0.4,1,3104949
5,47990159,6.4,1,3104950
12,47990189,0.6,1,3104951
5,47990203,0.4,1,3104952
5,47989030,5.2,1,3104961
5,47989039,0.5,1,3104962
12,47989040,1.2,1,3104963
5,47989042,25.6,1,3104964
4,47989054,5.9,1,3104965
5,47990219,2,1,3104966
2,47990232,1.5,1,3104967
5,47990241,9.2,1,3104968
5,47990248,9.7,1,3104969
12,47990249,20.7,1,3104970
2,47989061,4.5,1,3104987
2,47989066,0.9,1,3104988
4,47990428,0.2,1,3105010
12,47988059,2.4,1,3105017
12,47989246,0.4,1,3105018
5,47989260,3.3,1,3105019
16,47990485,15.5,1,3105020
2,47990495,0.3,1,3105021
8,47988110,15.5,9,3105027
12,47988128,11.7,1,3105028
5,47990510,3.7,1,3105036
5,48119649,0.2,3,3113747
16,48116112,14.75,9,3113748
5,48116181,1.8,1,3113749
5,48117248,6,1,3113750
16,48117254,1,9,3113751
12,48117257,6.8,1,3113752
5,48117263,9,1,3113753
5,48112769,0.05,3,3113820
5,48112776,0.22,3,3113821
5,48112796,0.01,3,3113841
16,48112801,1,9,3113842
12,48112804,18.3,1,3113843
16,48112813,6,9,3113844
16,48112830,6.5,1,3113845
5,48112851,3.6,1,3113846
5,48112860,6.376,3,3113847
13,48110540,9,9,3113893
16,48110546,2.5,1,3113894
16,48110550,19,9,3113895
5,48110552,0.19,3,3113896
17,48110562,1,11,3113897
5,48110568,0.04,3,3113898
5,48110579,0.07,3,3113899
5,48111852,0.97,3,3113902
16,48111865,2,9,3113903
16,48111868,4,9,3113904
16,48110591,69,9,3113912
5,48110621,128,4,3113913
5,48110627,0.06,3,3113914
5,48110633,0.1,3,3113915
5,48110637,0.13,3,3113916
5,48110638,0.03,3,3113917
16,48110646,0.7,1,3113918
5,48111895,0.046,3,3113919
4,48111897,0.7,1,3113920
16,48111910,3,9,3113921
5,48111944,0.8,3,3113922
5,48110660,0.02,3,3113936
15,48111949,3.3,1,3113944
16,48112097,25,9,3113967
5,48409568,0.24,3,3131735
5,48408409,0.599,3,3131753
5,48409584,0.144,3,3131754
2,48409609,0.04,1,3131755
2,48409616,0.01,1,3131756
5,48409617,0.036,3,3131757
5,48407156,0.14,3,3131762
16,48408467,0.03,1,3131763
1,48408482,16.6,1,3131764
5,48410955,0.709,3,3131770
1,48407214,0.4,1,3131771
1,48407232,0.8,1,3131772
5,48407270,8.2,1,3131773
16,48410979,3.5,9,3131782
1,48410999,138,1,3131783
5,48408627,8,1,3131787
5,48408628,0.28,3,3131788
12,48409813,0.2,1,3131789
5,48409856,0.042,3,3131790
12,48411039,9.5,1,3131792
1,48407450,0.01,1,3131807
5,48407454,39.9,1,3131808
5,48407455,4,1,3131809
1,48407472,0.3,1,3131810
1,48407479,0.51,1,3131811
12,48407488,17.1,1,3131812
12,48407504,41.5,1,3131813
5,48410026,15,1,3131816
1,48410033,0.2,1,3131817
5,48407515,4.7,1,3131820
5,48407526,0.211,3,3131821
1,48407547,31.5,1,3131822
5,48407551,3.2,1,3131823
5,48407560,0.176,3,3131824
1,48421019,1,1,3131845
1,48421030,0.2,1,3131846
1,48421032,0.4,1,3131847
1,48421037,1.2,1,3131848
5,48421089,3.5,1,3131863
1,48424755,0.5,1,3131882
12,48421146,2.5,3,3131884
2,48421148,4.2,1,3131885
5,48421174,0.07,3,3131886
5,48424776,0.2,3,3131887
5,48424792,0.23,3,3131888
8,48424807,2.13,1,3131889
5,48424834,0.1,1,3131890
12,48424840,3.7,1,3131891
17,48424843,1,11,3131907
5,48424850,3,1,3131908
2,48424853,0.9,1,3131909
1,48423908,45.5,1,3131930
1,48459844,81,1,3134577
1,48459852,0.101,1,3134578
1,48459869,6.2,1,3134579
4,48459881,0.4,1,3134580
12,48459890,0.1,1,3134581
12,48459902,0.01,1,3134582
1,48463383,137.2,1,3134591
5,48463389,0.78,3,3134592
17,48463397,2,1,3134593
5,48463411,0.095,3,3134594
5,48463425,0.8,1,3134595
1,48459915,2.2,1,3134597
5,48459921,0.37,3,3134598
5,48459923,3,1,3134599
1,48459926,0.7,1,3134600
5,48459928,0.75,3,3134601
4,48459978,0.2,1,3134604
5,48458778,0.49,3,3134612
16,48459992,18.49,1,3134614
5,48459994,0.123,3,3134615
12,48460007,0.5,1,3134616
1,48460011,0.2,1,3134617
5,48460012,0.088,3,3134618
5,48460031,0.2,3,3134619
12,48461290,6.77,1,3134626
5,48461333,4.5,1,3134627
12,48462489,5,1,3134628
5,48462495,0.02,3,3134629
1,48462516,1.1,1,3134630
4,48462547,0.7,1,3134631
5,48461343,70,4,3134641
4,48461408,0.25,1,3134642
5,48462548,0.59,3,3134643
1,48462579,1.4,1,3134644
1,48462580,2.5,1,3134645
5,48462633,0.23,3,3134653
1,48462648,3,1,3134654
1,48462654,0.09,1,3134655
1,48462678,1.85,1,3134656
5,48460385,1,3,3134672
5,48460416,1.8,1,3134673
1,48459250,3.7,1,3134678
5,48459277,0.205,3,3134679
12,48459289,1.4,1,3134680
5,48459290,0.05,3,3134681
5,48460437,2.5,3,3134682
2,48460439,22.679,1,3134683
5,48460456,0.3,3,3134684
12,48460458,1.5,1,3134685
16,48460465,0.5,1,3134686
2,48460471,1134,1,3134687
5,48460473,2.64,3,3134688
2,48460484,0.6,1,3134689
5,48461707,0.2,3,3134693
5,48462907,0.5,3,3134698
5,48462915,3.5,1,3134699
1,48462922,67.01,1,3134700
5,48459310,0.458,3,3134701
1,48459312,0.5,1,3134702
1,48459334,10,1,3134703
5,48459364,0.12,3,3134704
1,48460510,0.1,1,3134705
5,48462939,0.035,3,3134712
5,48462945,0.4,1,3134713
1,48463013,0.51,1,3134731
5,48463034,0.865,3,3134732
1,48463036,2.1,1,3134733
1,48463063,0.2,1,3134734
5,48463141,0.035,3,3134744
5,48463144,1,11,3134745
1,48459537,8.9,1,3134747
2,48459544,3.62,1,3134748
12,48459546,3,1,3134749
12,48459600,36,1,3134750
5,48460757,0.4,1,3134752
4,48460762,7.7,1,3134753
5,48460775,0.324,3,3134754
5,48460787,0.1,3,3134755
5,48460804,0.821,3,3134756
1,48459619,260,1,3134762
5,48459623,0.024,3,3134763
1,48459626,0.5,1,3134764
17,48459643,0.5,1,3134765
5,48459656,0.44,3,3134766
12,48460816,1.5,1,3134768
4,48460865,0.8,1,3134769
1,48460925,0.2,1,3134780
5,48462125,5.7,1,3134782
1,48462142,7.4,1,3134783
2,48462149,1,11,3134784
5,48463325,0.41,3,3134785
2,48463326,0.04,1,3134786
1,48460967,3.3,1,3134792
5,48460997,0.05,3,3134793
1,48461020,14.1,1,3134794
5,48462166,19.5,1,3134795
5,48462170,0.29,3,3134796
5,48462195,3.9,3,3134797
5,48458696,0.87,3,3134803
5,48458723,0.268,3,3134804
5,48458729,16,3,3134805
12,48458732,9.05,1,3134806
1,48458763,0.1,1,3134807
5,48009999,0.4,1,3105156
5,48010019,1.3,1,3105157
5,48010045,25.5,1,3105176
2,48011374,0.1,1,3105222
12,48013723,15,1,3105229
2,48013734,0.1,1,3105230
5,48013772,147.6,1,3105231
5,48013790,0.3,1,3105263
2,48013801,3.3,1,3105264
4,48011501,0.2,1,3105273
5,48010453,3.3,1,3105322
12,48012817,3.6,1,3105331
5,48012819,71,1,3105332
5,48012830,3.3,1,3105333
12,48012836,323.3,1,3105334
5,48012838,0.5,1,3105335
12,48010494,1.2,1,3105347
5,48010515,5.2,1,3105348
2,48010532,4.3,1,3105349
2,48010540,1.5,1,3105350
5,48010566,83,1,3105366
8,48010576,3,9,3105367
8,48010587,10,9,3105368
5,48010589,1.6,1,3105369
17,48010609,23.5,1,3105370
12,48010610,0.7,1,3105371
5,48010637,3.4,1,3105386
5,48111016,10.6,1,3114023
5,48111021,0.2,3,3114024
1,48114684,1.4,1,3114036
8,48114701,4,9,3114037
8,48111041,1,11,3114041
4,48111060,2.9,1,3114042
5,48111072,50,10,3114043
12,48111086,0.7,1,3114044
5,48111094,0.11,3,3114045
12,48111112,4.5,1,3114055
5,48111119,0.07,3,3114056
5,48111124,0.45,3,3114057
5,48111127,1.81,3,3114058
5,48111131,0.04,3,3114059
5,48111132,15,4,3114060
5,48111138,0.01,3,3114061
5,48111151,0.02,3,3114062
12,48111152,1.9,1,3114063
5,48111203,4.9,1,3114083
5,48126959,39,1,3114131
5,48128114,1.99,1,3114132
1,48128120,0.8,1,3114133
2,48128129,0.99,1,3114134
5,48128130,0.015,3,3114135
2,48128145,5.5,1,3114136
5,48128149,0.199,3,3114137
5,48128160,48.2,1,3114138
12,48128174,2,1,3114139
2,48128176,0.4,1,3114140
1,48129244,0.099,1,3114141
2,48129251,1,1,3114142
5,48129268,4.8,1,3114143
1,48125853,4,1,3114156
5,48126988,83,3,3114157
5,48126990,0.001,1,3114158
5,48127000,0.99,3,3114159
1,48127021,4,1,3114160
5,48127044,1,3,3114161
5,48125854,3,1,3114168
2,48125866,26,1,3114169
5,48125886,1.999,3,3114170
8,48127064,1,1,3114171
5,48124756,1.99,3,3114184
5,48124757,1.99,3,3114185
5,48125929,1.99,3,3114188
5,48127141,0.055,3,3114201
5,48127157,1,1,3114202
5,48127173,1,3,3114203
5,48127191,0.52,3,3114204
1,48127209,0.2,1,3114216
1,48128482,0.7,1,3114222
5,48124874,1.99,3,3114223
5,48124891,1.99,3,3114224
1,48124906,0.1,1,3114225
8,48124918,2,9,3114226
5,48124924,1.99,3,3114227
1,48124925,0.3,1,3114228
16,48124926,0.3,1,3114229
8,48128483,0.99,1,3114245
2,48128484,2.2,1,3114246
5,48128509,0.99,3,3114247
5,48128534,1.99,3,3114248
1,48125002,0.3,1,3114249
5,48127366,1.99,3,3114258
12,48127367,0.999,1,3114259
2,48127381,3.401,1,3114260
5,48127382,0.95,3,3114261
5,48127392,1.99,3,3114262
5,48127408,1.999,3,3114263
5,48127409,1.99,3,3114264
2,48128584,1.99,1,3114265
5,48128591,1.99,3,3114266
1,48128630,3.1,1,3114267
5,48127430,1.99,3,3114287
1,48128648,1,1,3114293
5,48128655,0.5,1,3114294
1,48128658,28.4,1,3114295
2,48128681,0.3,1,3114296
5,48128688,1.99,3,3114297
5,48418469,0.01,3,3132036
5,48418489,0.134,3,3132037
5,48418500,4.3,1,3132038
1,48419695,0.2,1,3132039
4,48419741,1.2,1,3132040
5,48419747,0.245,3,3132041
2,48419836,0.7,1,3132063
5,48419876,0.14,3,3132064
8,48419892,7.5,1,3132065
5,48420035,68,1,3132095
1,48420042,2.8,1,3132096
5,48420069,1,3,3132117
5,48420082,2,1,3132118
1,48420088,5,1,3132119
1,48420096,8.2,1,3132120
2,48420109,0.5,1,3132121
5,48420147,0.218,3,3132133
5,48420150,0.5,3,3132134
5,48420152,0.02,3,3132135
5,48420159,0.2,3,3132136
5,48420162,0.09,3,3132137
12,48420169,3.3,1,3132138
1,48420189,7.3,1,3132139
1,48420197,11.3,1,3132140
5,48420200,0.39,3,3132141
5,48420204,0.2,3,3132142
5,48420229,67,1,3132149
5,48420232,0.17,3,3132150
5,48420233,0.038,3,3132151
1,48420249,0.5,1,3132152
16,48420253,0.4,1,3132153
5,48420270,0.057,3,3132154
1,48420272,2.2,1,3132155
5,48419351,5,1,3132201
1,48419398,10,1,3132211
4,48419400,0.02,1,3132212
2,48419402,7.69,1,3132213
1,48419429,0.6,1,3132214
16,48420603,1,1,3132215
16,48420613,0.51,1,3132216
5,48420616,0.25,3,3132217
5,48420621,1.5,4,3132218
5,48420640,0.5,3,3132219
12,48420642,0.1,1,3132220
1,48420652,3.5,1,3132221
5,48419458,1.15,3,3132236
4,48419470,0.5,1,3132237
5,48419473,0.11,3,3132238
5,48420728,5.45,1,3132248
5,48420734,0.14,3,3132249
1,48420775,0.5,1,3132259
5,48420786,1,3,3132260
16,48420799,1,9,3132261
2,48420801,11,1,3132262
1,48420804,0.4,1,3132263
5,48420807,2,1,3132264
5,48420816,1.11,1,3132265
1,48457755,4.1,1,3134860
5,48457760,0.45,3,3134861
5,48457817,0.18,3,3134894
16,48457818,1,11,3134895
5,48457819,0.14,3,3134896
1,48457837,1.2,1,3134897
2,48457850,20.7,1,3134898
5,48457852,1,1,3134899
5,48457869,3.5,1,3134900
5,48456689,0.21,3,3134924
5,48456694,0.12,3,3134925
5,48456707,0.17,3,3134926
5,48456714,1.13,3,3134927
2,48456718,0.5,1,3134928
5,48456759,3.27,3,3134940
5,48456786,0.9,1,3134941
1,48456788,0.4,1,3134942
5,48455774,0.063,3,3134981
1,48455775,2.4,1,3134982
2,48455795,2.8,1,3134983
1,48455797,0.5,1,3134984
17,48455822,192.8,1,3134985
5,48458363,15.3,1,3135017
5,48458374,0.03,3,3135018
5,48458393,100.8,1,3135019
2,48458408,2,1,3135029
1,48458651,4.3,1,3135081
5,47996591,15.8,1,3105453
5,47996600,3,1,3105454
5,47996615,4.9,1,3105455
2,47997824,0.3,1,3105457
2,47999012,0.1,1,3105458
2,47999014,0.1,1,3105459
2,47999040,0.5,1,3105460
12,47997847,1.7,1,3105466
2,47997869,0.2,1,3105467
5,47997879,1.3,1,3105468
5,47997918,5.2,1,3105475
2,47997925,1.8,1,3105476
5,47999243,18.1,1,3105496
5,47995624,11.7,1,3105499
2,47999288,6.8,1,3105510
2,47999295,0.2,1,3105511
5,47999302,9.3,1,3105512
5,47999319,5.7,1,3105513
5,47995644,1.5,1,3105515
5,47995668,11.2,1,3105516
5,47995670,22.7,1,3105517
2,47995688,1.9,1,3105518
16,47995689,2.3,1,3105519
5,47996924,6.4,1,3105520
5,47999374,8.6,1,3105528
12,47999375,17.3,1,3105529
5,47999379,3.3,1,3105530
2,47999385,6.7,1,3105531
5,47995713,11.9,1,3105532
5,47999439,71.7,1,3105551
2,47999458,1.5,1,3105552
8,47999460,8,9,3105553
5,47997116,1.6,1,3105566
5,47997125,3,1,3105567
5,47997182,2.6,1,3105586
5,47999616,3.9,1,3105597
5,47999621,13.4,1,3105598
5,47999669,0.4,1,3105614
12,47999678,2.2,1,3105615
2,47999695,3,1,3105616
12,47999699,0.4,1,3105617
12,47996149,1.3,1,3105629
5,47996154,4.4,1,3105630
5,47998674,2.9,1,3105639
2,47996166,1,1,3105643
12,47996168,134.6,1,3105644
2,47996177,0.08,1,3105645
5,47996198,3.5,1,3105646
2,47996212,0.1,1,3105647
2,47996220,1.02,1,3105648
5,47998720,1.9,1,3105653
5,47999885,4.5,1,3105654
5,47999895,2.5,1,3105655
5,47999905,17.3,1,3105656
5,47999930,0.7,1,3105657
5,47996237,1.5,1,3105658
5,47996241,1.7,1,3105659
5,47996271,202.5,1,3105660
5,47998783,7.2,1,3105665
5,47998799,2.33,3,3105666
2,47999960,0.2,1,3105668
5,48068441,3.7,1,3109924
2,48068442,29.4,1,3109925
5,48067256,65.4,1,3109937
5,48067301,13.7,1,3109938
5,48070851,1.8,1,3109950
5,48070951,4.6,1,3109962
2,48070963,1.4,1,3109963
2,48070977,0.1,1,3109964
2,48067448,0.4,1,3109967
5,48069842,8,1,3109976
2,48067479,2,1,3109987
12,48067486,1.9,1,3109988
8,48067511,49,9,3109989
2,48067513,3,1,3109990
5,48067525,12.2,1,3109991
2,48067526,1,1,3109992
5,48068717,1,1,3109994
2,48068773,2.1,1,3109995
2,48069878,1.8,1,3109996
5,48069981,27.3,1,3110010
1,48069983,0.9,1,3110011
5,48069985,2.4,1,3110012
5,48071149,7.7,1,3110013
5,48071158,2.4,1,3110014
5,48070002,3.6,1,3110022
2,48070011,0.04,1,3110023
2,48070026,29.4,1,3110024
5,48071212,6.8,1,3110025
5,48071253,4.9,1,3110026
5,48067745,0.2,1,3110031
5,48067756,1.5,1,3110032
1,48068966,3.33,1,3110036
5,48068986,0.6,1,3110037
17,48068988,192.4,1,3110038
5,48070087,1.7,1,3110040
8,48070094,8,9,3110041
12,48070098,1.3,1,3110042
5,48067774,0.7,1,3110052
5,48067789,0.3,1,3110053
2,48067800,0.4,1,3110054
12,48067811,0.7,1,3110055
16,48067817,57,9,3110056
12,48071428,0.3,1,3110071
5,48071431,3.3,1,3110072
16,48069102,1,9,3110074
5,48069116,19.2,1,3110075
5,48071453,2.5,1,3110079
1,48071483,0.5,1,3110080
2,48071550,0.4,1,3110096
5,48071551,1.4,1,3110097
5,48071553,3,1,3110098
5,48071556,5.5,1,3110099
5,48071573,6,1,3110100
12,48071598,7.3,1,3110113
1,48128704,5.4,1,3114298
1,48125164,55.7,1,3114313
8,48127556,12,1,3114325
5,48127561,1,3,3114326
1,48127568,1,1,3114327
1,48128709,154,1,3114328
5,48128716,1.99,3,3114329
5,48125185,1,3,3114343
5,48125189,1.99,3,3114344
5,48125194,1.99,3,3114345
8,48125195,10,9,3114346
5,48125199,1.99,3,3114347
8,48125200,1,9,3114348
2,48125235,0.7,1,3114349
5,48125237,1.99,3,3114350
16,48126404,2.1,1,3114352
1,48126427,0.4,1,3114353
8,48126429,2.5,9,3114354
5,48126432,1.999,3,3114355
8,48126433,1,1,3114356
5,48126443,1.99,3,3114357
2,48126448,1.1,1,3114358
5,48127582,1.5,1,3114359
5,48127583,1.99,3,3114360
1,48126461,28.2,1,3114369
5,48126464,1.9,1,3114370
5,48126474,3,1,3114371
5,48126481,1.99,3,3114372
8,48126510,2,9,3114373
5,48126514,1.99,3,3114374
2,48126518,0.6,1,3114375
5,48126525,0.5,1,3114376
8,48127702,205,9,3114378
12,48127717,0.9,1,3114379
2,48127718,3.99,1,3114380
1,48127753,0.1,1,3114400
5,48127755,1.99,3,3114401
5,48129006,0.199,3,3114411
12,48127907,0.1,1,3114469
2,48127912,1,1,3114470
5,48127916,0.99,3,3114471
5,48127921,3.7,1,3114472
8,48127925,0.3,1,3114473
5,48127926,1,3,3114474
5,48127941,0.99,3,3114475
5,48127947,0.199,3,3114476
1,48127955,0.99,1,3114477
5,48127961,1.99,3,3114493
5,48129172,1.99,3,3114500
12,48129173,3.99,1,3114501
2,48129189,1,1,3114502
5,48129190,7.4,1,3114503
5,48129199,3.1,1,3114504
5,48129202,0.9,1,3114505
1,48129207,0.99,1,3114506
5,48129219,1,3,3114507
8,48129220,6,9,3114508
8,48128075,2,9,3114522
5,48122143,1.5,3,3114527
5,48122148,1,1,3114528
8,48122154,1,1,3114529
1,48122182,2.7,1,3114530
5,48122194,0.165,3,3114531
12,48123352,2.2,1,3114532
12,48123381,46.2,3,3114533
5,48123407,42.8,1,3114534
5,48123411,0.199,3,3114535
5,48123413,7.002,1,3114536
5,48122228,2,3,3114554
1,48122246,2.9,1,3114555
5,48122281,1.999,3,3114556
5,48122283,0.26,3,3114557
2,48123428,6.5,1,3114558
5,48123441,0.305,3,3114559
16,48119815,9.6,1,3114563
5,48119825,9.7,1,3114564
5,48119828,1,3,3114565
1,48119837,0.5,1,3114566
5,48119838,1.99,3,3114567
1,48119852,1.99,1,3114568
12,48119869,0.999,1,3114569
5,48119872,1.99,3,3114570
8,48119877,1,9,3114571
12,48336607,7.7,1,3128005
1,48334162,13.5,1,3128008
12,48336653,5,1,3128014
12,48336658,1.8,1,3128015
12,48336698,9.4,1,3128025
1,48336706,0.2,1,3128026
1,48336790,0.2,1,3128036
5,48336810,0.92,3,3128037
1,48336834,10.05,1,3128038
1,48336836,0.6,1,3128039
12,48335720,1.9,1,3128065
5,48335727,5.9,1,3128066
5,48335748,3.5,1,3128067
5,48335774,0.1,3,3128084
5,48335783,1,1,3128085
12,48335784,0.03,1,3128086
17,48335785,1,9,3128087
5,48335793,71,1,3128088
5,48335800,6.5,1,3128089
5,48335803,2.5,1,3128090
16,48335810,1,1,3128091
2,48335831,1.7,1,3128092
4,48468483,0.91,1,3135153
1,48468530,3.9,1,3135175
1,48468541,0.4,1,3135176
12,48468555,29,1,3135177
16,48468587,3.13,1,3135178
2,48468755,31.3,1,3135224
1,48468764,0.02,1,3135225
1,48468785,15.3,1,3135226
1,48468787,0.5,1,3135227
5,48468788,0.35,3,3135228
5,48468822,0.7,1,3135229
5,48468826,0.211,3,3135234
5,48468859,986.11,1,3135235
5,48464639,0.05,3,3135358
5,48465823,0.2,3,3135360
5,48464691,0.1,3,3135369
5,47998946,3.9,1,3105691
5,47998948,2.5,1,3105692
5,47998953,7.3,1,3105693
1,47998972,22,1,3105694
2,48000159,0.3,1,3105698
5,48000175,8,1,3105699
5,48000180,2.9,1,3105700
5,48000362,6.7,1,3105729
5,48071600,4,1,3110114
5,48068144,24.5,1,3110121
5,48069392,0.2,1,3110124
5,48069393,28.5,1,3110140
5,48069403,0.5,1,3110141
5,48069404,1.9,1,3110142
5,48069417,53.3,1,3110143
2,48070567,16.3,1,3110154
2,48070574,4.6,1,3110155
5,48070598,3,1,3110156
5,48070608,1.1,1,3110175
5,48067206,3.9,1,3110200
5,48066257,0.9,1,3110296
5,48066268,21.4,1,3110297
5,48066269,17.9,1,3110298
5,48066303,0.3,1,3110299
16,48066309,7,9,3110300
5,48066312,10.4,1,3110301
2,48066321,2.4,1,3110325
5,48066538,1.6,1,3110378
5,48066543,1.5,1,3110379
5,48119906,0.895,3,3114614
16,48121250,5,9,3114684
1,48121258,0.3,1,3114685
5,48121266,4.3,1,3114686
8,48121291,50.5,1,3114687
5,48122454,11.31,3,3114688
2,48122466,0.001,1,3114689
1,48121315,0.1,1,3114706
5,48121348,8,1,3114707
5,48121349,12.4,1,3114708
5,48123755,1,1,3114716
8,48123798,12,9,3114717
5,48123808,6,4,3114727
1,48123813,0.5,1,3114728
5,48123814,1.99,3,3114729
5,48123821,67,1,3114730
8,48123823,6,9,3114731
2,48123824,70.2,1,3114732
5,48123829,1.99,3,3114733
5,48123843,1.99,3,3114734
1,48123850,0.2,3,3114735
5,48123866,1,3,3114736
5,48123885,3.3,1,3114753
8,48123901,4.6,1,3114754
8,48123927,35.9,1,3114755
12,48123949,1,1,3114756
8,48123990,1,1,3114799
5,48124006,0.199,3,3114800
5,48121669,9.3,1,3114815
8,48121672,13,9,3114816
5,48121687,1.99,3,3114817
8,48121689,0.9,3,3114818
5,48122867,1.999,3,3114827
12,48122877,0.5,1,3114828
1,48122885,0.99,1,3114829
5,48122887,1.99,3,3114830
8,48120409,1,9,3114834
1,48120428,1.1,1,3114835
5,48120429,1.03,3,3114836
2,48120439,1.99,3,3114837
5,48120449,0.045,3,3114838
5,48120466,0.115,3,3114839
5,48121698,0.5,3,3114840
5,48121700,2.4,1,3114841
5,48121762,1.999,3,3114842
5,48121768,0.025,3,3114843
5,48120488,0.095,3,3114852
5,48120511,3.6,3,3114853
5,48120517,0.1,3,3114854
5,48120548,0.6,1,3114855
5,48121775,3.77,3,3114856
5,48121778,0.199,3,3114857
1,48121791,0.99,1,3114858
12,48338254,3,1,3128097
5,48338257,8.4,1,3128098
5,48335843,46.3,1,3128103
5,48335871,7.5,1,3128104
5,48335878,6,1,3128105
5,48335884,8.3,1,3128106
17,48335891,0,,3128107
5,48335892,4,3,3128108
5,48335895,0.3,3,3128109
2,48335915,1.6,1,3128110
2,48335918,3.5,1,3128111
5,48338371,1.7,1,3128119
16,48338372,6,9,3128120
12,48338377,1.3,1,3128121
5,48336034,0.11,3,3128125
5,48336051,1.78,3,3128126
5,48338476,0.05,3,3128130
5,48338526,4,1,3128142
5,48338529,8.4,1,3128143
5,48338548,22,1,3128144
12,48334931,0.8,1,3128146
5,48334952,1,1,3128147
1,48334969,0.87,1,3128148
2,48335000,1185.6,1,3128155
5,48335003,0.2,3,3128156
1,48335004,0.57,1,3128157
5,48335023,0.02,3,3128158
5,48335071,9.3,1,3128165
5,48335072,5,1,3128166
12,48335092,0.3,1,3128167
1,48335112,0.1,1,3128168
5,48335115,0.19,3,3128169
1,48335137,0.01,1,3128170
5,48425713,0.8,3,3132708
1,48425723,2.3,1,3132709
13,48425725,20,1,3132710
17,48425728,60,1,3132711
1,48425731,0.4,1,3132712
5,48425733,2.05,1,3132713
16,48425747,1,9,3132714
5,48425778,3.5,1,3132719
1,48465940,63,1,3135372
5,48463519,0.7,3,3135376
5,48463526,2,1,3135377
5,48465958,1,1,3135380
5,48465990,13.15,3,3135381
1,48466014,28,1,3135382
5,48463552,0.07,3,3135389
1,48464879,5,1,3135392
1,48464881,35,1,3135393
5,48466025,2.4,1,3135394
8,48465020,0.02,1,3135411
1,48463782,0.6,1,3135423
12,48463783,3,9,3135424
5,48463805,0.254,3,3135425
1,48463810,1.9,1,3135426
2,48463817,0.7,1,3135427
2,48463818,2.1,1,3135428
1,48463826,0.2,1,3135429
12,48465065,0.01,3,3135430
5,48463837,0.5,3,3135440
2,48463884,27,1,3135441
5,48463897,0.17,3,3135442
5,48463901,0.28,3,3135443
2,48463903,5,1,3135444
5,48465165,0.03,3,3135445
5,48466396,1,11,3135449
5,48463912,0.1,3,3135452
2,48463914,0.7,1,3135453
5,48463915,0.143,3,3135454
17,48463917,0,,3135455
1,48463957,0.3,1,3135456
2,48463968,0.8,1,3135457
1,48463973,0.1,1,3135458
1,48466399,62.4,1,3135463
1,48466408,1.1,1,3135464
5,48466409,2.9,1,3135465
1,48466413,1.7,1,3135466
1,48466452,6,1,3135467
5,48466455,0.1,3,3135468
12,48464006,0.6,1,3135471
1,48464031,2.2,1,3135472
5,48464040,0.3,1,3135473
5,48464042,2,1,3135474
2,48464049,1000,1,3135475
1,48467621,0.2,1,3135484
5,48467634,12,1,3135485
1,48467638,0.3,1,3135486
5,48467671,0.17,3,3135487
1,48464187,0.5,1,3135504
1,48464195,0.01,1,3135505
5,48465481,0.08,3,3135507
12,48465482,2,9,3135508
5,48465483,0.05,3,3135509
2,48467824,6.5,1,3135512
1,48467832,2.51,1,3135513
1,48464212,0.2,1,3135514
5,48464241,0.2,3,3135515
12,48465510,1.1,1,3135516
12,48465539,0.5,1,3135517
4,48465544,11.8,1,3135518
13,48465546,2.6,1,3135519
1,48466706,2,1,3135520
5,48466742,3.5,1,3135521
5,48467842,4,1,3135522
5,48467858,0.2,1,3135523
5,48464290,0.02,3,3135526
12,48464294,3.8,1,3135527
5,48465604,0.1,3,3135529
12,48465610,0.6,1,3135530
1,48465626,0.2,1,3135531
5,48466781,0.43,3,3135532
1,48466795,31,1,3135533
5,48466805,0.194,3,3135534
5,48466807,0.001,3,3135535
1,48466809,0.5,1,3135536
5,48466819,0.42,3,3135537
1,48465665,7.2,1,3135547
8,48465667,13,9,3135548
5,48466857,0.05,3,3135554
5,48466858,0.05,3,3135555
5,48466870,1.5,3,3135556
12,48466871,0.3,1,3135557
5,48466873,0.125,3,3135558
2,48466885,1.7,1,3135559
5,48466905,0.194,3,3135560
5,48466914,0.1,1,3135561
2,48007367,0.6,1,3105984
2,48007368,0.2,1,3105985
5,48009740,13.6,1,3105991
5,48009742,0.9,1,3105992
1,48009758,0.05,1,3105993
2,48009760,0.8,1,3105994
5,48009775,13.5,1,3105995
12,48009777,0.4,1,3105996
16,48009779,5,9,3105997
5,48007436,9.8,1,3106001
1,48007457,3.5,1,3106002
5,48000311,0.5,1,3106011
2,48000313,0.7,1,3106012
5,48000328,1.8,1,3106013
2,48000330,0.4,1,3106014
5,48006339,12.8,1,3106019
1,48007486,0.1,1,3106020
5,48007488,12.8,1,3106021
5,48007490,9.3,1,3106022
5,48007491,1,1,3106023
5,48008762,147,1,3106027
5,48006353,16,1,3106034
5,48006386,0.3,1,3106035
8,48006394,6,9,3106036
5,48006416,6.7,1,3106037
2,48008769,0.3,1,3106041
5,48008794,3.4,1,3106042
12,48008805,0.2,1,3106043
1,48008834,6.1,1,3106044
2,48006487,0.4,1,3106054
2,48006496,0.08,1,3106055
5,48008861,3,1,3106061
2,48008878,2.4,1,3106062
5,48008881,5.1,1,3106063
5,48008886,12,1,3106064
2,48006526,9.9,1,3106082
5,48009060,148.2,1,3106111
5,48009078,3.1,1,3106122
2,48009082,3.5,1,3106123
2,48009095,0.4,1,3106124
12,48009102,0.2,1,3106125
5,48009124,0.9,1,3106126
5,48009166,1.1,1,3106156
5,48008196,2.5,1,3106215
2,48066617,7.5,1,3110408
12,48066633,0.7,1,3110430
5,48066640,9.5,1,3110431
5,48066641,9.1,1,3110432
5,48066682,6.3,1,3110433
5,48066685,114.7,1,3110434
5,48066713,9.5,1,3110461
5,48066715,54.2,1,3110462
5,48065718,0.4,1,3110518
5,48065732,2.2,1,3110519
5,48065734,1.7,1,3110520
5,48065743,26.7,1,3110521
2,48080292,0.3,1,3110601
2,48080305,0.2,1,3110602
2,48079179,0.06,1,3110620
5,48079180,3.3,1,3110621
2,48079189,0.2,1,3110622
5,48079192,1.9,1,3110623
4,48079223,0.2,1,3110643
5,48079225,8.9,1,3110644
5,48123035,1.5,1,3114889
8,48124210,11,9,3114891
5,48124234,1.99,3,3114892
5,48124236,1,3,3114893
1,48124250,1,1,3114894
1,48124253,7,1,3114895
5,48120585,1,1,3114896
16,48123051,50,9,3114911
5,48123063,1.99,3,3114912
2,48123064,1,1,3114913
8,48123065,1,1,3114914
5,48123074,1.99,3,3114915
5,48123083,28.1,1,3114916
5,48123103,7,1,3114917
5,48123107,1,3,3114918
5,48124271,1.99,3,3114919
1,48124280,1.1,1,3114920
1,48124301,1.99,3,3114921
2,48124304,1.4,1,3114922
5,48124318,1.99,3,3114923
1,48124328,0.99,1,3114924
5,48124333,0.4,1,3114925
5,48120636,0.9,1,3114926
12,48120655,1,1,3114927
5,48120656,2,3,3114928
12,48120684,16,9,3114929
5,48123124,0.135,3,3114938
1,48123144,0.6,1,3114939
2,48124340,0.99,1,3114948
5,48124343,2,3,3114949
5,48120768,0.02,3,3114952
8,48120776,1,1,3114953
2,48120783,1.99,1,3114954
5,48120784,1.99,3,3114955
2,48120793,0.6,1,3114974
8,48120794,3,9,3114975
5,48120801,1,1,3114976
5,48120803,0.199,3,3114977
5,48120806,1.999,3,3114978
5,48122081,0.16,3,3114980
2,48122100,0.7,1,3114981
1,48122101,0.999,3,3114982
1,48122132,1,1,3114983
5,48123345,0.199,3,3114986
5,48123348,1,3,3114987
8,48135224,1,1,3115010
12,48135242,0.17,1,3115011
8,48135249,1.99,1,3115012
5,48135258,0.145,3,3115013
5,48135260,9.7,1,3115014
5,48136412,1.99,3,3115016
5,48136416,6.8,1,3115017
5,48136464,0.99,3,3115018
5,48137690,4.1,1,3115021
5,48136488,6,1,3115026
5,48136490,1.99,3,3115027
2,48136516,2.1,1,3115028
1,48136530,0.4,1,3115029
5,48137698,0.234,3,3115030
5,48137734,1.99,3,3115031
8,48137761,2,9,3115032
12,48137762,2.9,1,3115033
5,48136566,1.99,3,3115042
1,48136607,3.9,1,3115043
5,48136626,1.99,3,3115044
5,48136631,3.2,1,3115045
8,48136634,1.3,1,3115046
5,48137840,1.99,3,3115047
8,48134226,32,9,3115049
8,48134244,1,1,3115050
1,48134248,1.1,1,3115051
8,48134263,1.99,1,3115052
8,48134269,0.5,1,3115053
5,48134277,0.04,3,3115054
8,48134278,1.5,1,3115055
12,48135439,4,1,3115056
8,48135440,0.1,1,3115057
1,48135441,2,1,3115058
5,48135457,1.99,3,3115059
5,48135461,1.2,1,3115060
5,48137854,5.2,1,3115061
5,48137874,1.99,3,3115062
5,48137882,1.99,3,3115063
5,48137888,9,1,3115064
12,48134337,0.07,3,3115065
5,48135577,0.199,3,3115068
12,48135579,5.4,1,3115069
5,48136751,1.99,3,3115070
5,48136769,0.085,3,3115071
5,48137940,1.99,3,3115072
2,48137942,0.99,1,3115073
2,48137948,1.05,1,3115074
5,48137958,1.99,3,3115075
1,48137969,0.5,1,3115076
8,48137987,4.4,1,3115077
12,48135584,0.2,1,3115079
8,48135585,0.2,1,3115080
8,48136815,0.5,1,3115086
5,48136823,2.2,1,3115087
12,48136826,1,1,3115088
5,48138001,0.99,3,3115092
8,48138010,1.99,1,3115093
5,48138028,0.75,3,3115094
5,48135717,1.99,3,3115100
5,48135718,1.99,3,3115101
5,48135730,1.99,3,3115102
12,48136872,14.6,1,3115104
8,48136901,1.4,1,3115105
5,48136905,1.99,3,3115106
5,48136930,1.99,3,3115107
1,48138199,0.01,1,3115129
5,48138200,1.99,3,3115130
5,48137063,1.99,3,3115142
5,48137082,4,1,3115143
5,48193976,5,1,3119393
5,48193980,0.46,1,3119394
5,48193992,1.99,3,3119395
12,48193997,4.5,1,3119396
5,48196317,54.11,1,3119405
5,48196323,0.2,1,3119406
8,48196343,6,9,3119407
12,48194009,0.7,1,3119416
1,48194013,0.4,1,3119417
5,48195975,6.47,1,3119627
2,48196038,0.9,1,3119642
5,48196046,0.305,3,3119643
5,48194855,0.84,3,3119652
5,48194887,0.58,1,3119653
5,48194894,0.9,1,3119654
16,48334010,1,1,3128406
5,48334022,7.2,1,3128407
5,48334048,7.3,1,3128408
5,48340216,0.007,3,3128655
5,48340219,2,1,3128656
12,48009538,19.3,1,3106266
5,48009543,4.5,1,3106267
2,48009564,0.2,1,3106268
2,48009565,0.2,1,3106269
12,48009569,34,1,3106270
12,48009571,0.2,1,3106271
5,48009572,28,1,3106272
5,48007267,34.4,1,3106319
5,48007279,4.5,1,3106320
5,48009722,10.7,1,3106326
2,48080755,0.6,1,3110747
5,48080773,3.9,1,3110748
2,48078444,14.9,1,3110770
16,48078461,2,9,3110771
12,48080817,0.4,1,3110779
5,48080839,0.5,1,3110780
5,48080864,2.9,1,3110781
12,48080876,1.3,1,3110801
2,48077476,0.9,1,3110862
5,48077492,1.2,1,3110863
12,48077513,0.75,1,3110864
2,48077515,0.09,1,3110865
5,48077521,6,10,3110866
2,48077542,0.2,1,3110867
2,48077569,1.8,1,3110891
5,48081177,1.3,1,3110910
12,48081183,53.8,1,3110911
17,48081187,7,9,3110912
5,48081208,1.3,1,3110913
12,48081216,47.8,1,3110914
5,48081224,2,1,3110915
1,48080069,0.5,1,3110932
2,48080087,8.2,1,3110933
5,48080096,0.1,1,3110934
2,48080098,0.4,1,3110935
2,48080112,0.8,1,3110936
8,48134789,1,1,3115172
5,48134809,0.175,3,3115173
5,48134819,2,3,3115174
1,48134854,1.99,1,3115180
5,48137246,8.99,1,3115184
2,48137264,0.01,1,3115185
5,48138462,2.6,1,3115192
5,48138469,4,3,3115193
12,48138481,0.5,1,3115194
1,48134921,0.26,1,3115201
8,48134968,0.1,1,3115202
5,48137385,0.001,3,3115205
5,48137410,1.99,3,3115224
5,48138614,1.99,3,3115229
1,48136285,1,1,3115244
5,48136319,0.145,3,3115245
8,48135202,2,9,3115255
8,48136338,9.8,1,3115256
5,48136356,0.99,3,3115257
1,48136370,0.3,1,3115258
8,48136386,0.7,1,3115259
5,48136392,1.99,3,3115260
5,48136394,1.99,3,3115261
1,48136400,3,1,3115262
5,48131676,1.99,3,3115267
5,48131713,1.99,3,3115268
5,48134085,4.51,3,3115278
8,48132985,17.6,1,3115288
2,48132987,0.3,1,3115289
5,48133132,1.99,3,3115329
5,48133134,0.199,3,3115330
5,48133156,4.9,1,3115331
5,48130775,0.63,3,3115340
5,48130777,1.5,3,3115341
1,48133180,0.99,1,3115344
5,48133182,19.5,1,3115345
1,48133192,0.1,1,3115346
5,48133208,1.9,1,3115347
2,48133218,23,1,3115348
2,48133220,2.4,1,3115349
1,48133232,7.9,1,3115350
5,48133239,1.99,3,3115351
5,48133262,0.08,3,3115361
5,48133275,0.199,3,3115362
5,48133325,1.99,3,3115371
5,48133330,0.125,3,3115372
5,48133345,1.99,3,3115373
5,48133388,1.99,3,3115374
5,48133391,1.99,3,3115375
5,48133394,0.25,3,3115384
8,48133398,1,1,3115385
2,48133422,1.5,1,3115386
5,48133446,76.6,1,3115387
1,48133451,1.99,1,3115388
12,48133455,0.23,1,3115389
5,48132281,20,1,3115400
5,48132282,0.95,3,3115401
5,48132295,1.99,3,3115402
5,48132300,1.99,3,3115403
8,48133476,1.99,1,3115408
5,48133481,4,3,3115409
5,48133482,1.99,3,3115410
8,48133516,7.5,1,3115411
8,48133521,4,1,3115412
5,48133533,0.07,3,3115413
5,48132341,1.99,3,3115423
5,48132354,1.99,3,3115424
8,48132366,0.2,1,3115425
5,48194898,2.82,1,3119655
8,48196076,0.32,1,3119656
5,48194928,0.1,1,3119677
5,48194932,1.15,1,3119678
12,48196189,30.44,1,3119680
1,48196190,0.99,1,3119681
1,48196191,0.16,1,3119682
5,48340363,0.105,3,3128674
1,48340366,0.8,1,3128675
5,48339148,6.325,3,3128692
12,48339159,0.23,1,3128693
2,48339168,473,1,3128694
4,48339181,4.45,1,3128695
1,48339198,0.4,1,3128696
12,48339217,15,1,3128703
4,48339229,0.25,1,3128704
1,48339231,0.5,1,3128705
5,48339244,14,1,3128706
5,48339263,4.4,1,3128707
12,48339283,0,,3128712
17,48339302,6,9,3128713
16,48339303,1,9,3128714
5,48339304,4,1,3128715
5,48339312,0.08,3,3128716
5,48339352,0.145,3,3128717
5,48339380,0.45,3,3128725
5,48339418,15,1,3128726
16,48339422,1,9,3128727
5,48339440,8,1,3128739
5,48339441,28,1,3128740
5,48339454,10.2,1,3128741
5,48339468,0.002,3,3128742
1,48339512,0.1,1,3128743
12,52365297,15.3,1,3390325
5,52353018,92.5,1,3390356
5,52353020,3.8,1,3390357
5,52353024,14.3,1,3390358
2,52353027,0.2,1,3390359
5,52353040,8,1,3390360
5,52353047,2.3,1,3390361
5,52365334,15.9,1,3390401
5,52365335,2.5,1,3390402
5,52365355,21.3,1,3390403
5,52365371,6.5,1,3390404
5,52365375,13,1,3390405
5,52365376,6.1,1,3390406
5,52365379,1.6,1,3390407
12,52354358,6.9,1,3390441
5,52365392,0.1,1,3390477
2,52365401,0.001,1,3390478
5,52354364,0.8,1,3390529
5,52354365,12.3,1,3390530
5,52360540,4.6,1,3390552
5,52360564,110.9,1,3390553
5,52360567,1.8,1,3390554
5,52478915,0.001,1,3394782
5,52478924,5,1,3394783
5,52478941,7,1,3394784
1,52478942,0.1,1,3394785
7,52478961,14.15,1,3394786
5,52478968,16,1,3394787
5,52487480,30,1,3394844
5,52487490,433.8,1,3394845
5,52487492,4.18,1,3394846
5,52487496,10,1,3394847
17,52487497,1,1,3394848
5,52487499,5.35,1,3394849
1,52487511,0.13,1,3394850
3,52487517,0.4,1,3394851
8,52487518,0.53,1,3394852
1,52487525,0.03,1,3394853
5,52487526,0.3,1,3394854
2,52478969,0.38,1,3394873
5,52478970,4.2,1,3394874
5,52481479,3.5,1,3394880
5,52486358,7.1,1,3394891
12,52486361,0.08,1,3394892
5,52486364,28.9,1,3394893
5,52486377,20.2,1,3394894
5,52486395,4.5,1,3394895
12,52487548,3.45,1,3394896
5,52487603,0.3,3,3394897
8,52484013,3.59,1,3394953
8,52484016,6.19,1,3394954
8,52484029,0,,3394955
5,52484032,8.7,1,3394956
2,52484033,0.73,1,3394957
1,52484035,0.18,1,3394958
5,52484037,1.3,1,3394959
11,52486396,5.07,1,3394976
12,52486397,0.05,1,3394977
5,52486408,4.4,1,3394978
5,52486410,17.5,1,3394979
5,52486412,8,1,3394980
16,52486414,8,9,3394981
1,52486440,1.11,1,3394982
2,52486442,0.4,1,3394983
8,52556812,1.3,1,3399172
8,52556826,4.9,1,3399173
1,52556827,0.3,1,3399174
5,52556838,0.325,3,3399175
5,52556856,0.07,3,3399176
5,52558111,0.262,3,3399177
5,52558115,0.015,3,3399178
8,52558116,1.9,1,3399179
5,52558117,0.025,3,3399180
5,52558124,0.145,3,3399181
15,52558153,10,1,3399182
5,52559327,1.98,3,3399185
1,52559367,0.1,1,3399186
4,52562962,0.02,1,3399189
5,52562985,0.025,3,3399190
2,52562993,0.3,1,3399191
5,52565402,1,10,3399195
5,52565411,0.01,3,3399196
1,52549581,2.3,1,3399211
1,52549590,1,1,3399212
2,52549593,0.4,1,3399213
16,52549594,0.9,1,3399214
6,52549600,6.9,1,3399215
5,52549605,105,3,3399216
5,52549609,0.14,3,3399217
1,52549623,1.4,1,3399218
8,52549629,4,9,3399219
5,52552002,0.17,3,3399234
17,52554473,1,9,3399244
5,52556878,0.1,3,3399265
2,52558178,0.4,1,3399268
5,52558207,0.14,3,3399269
1,52558217,0.5,1,3399270
5,52559375,0.1,3,3399271
5,52559406,0.485,3,3399272
5,52559408,0.021,3,3399273
5,52559409,0.01,3,3399274
5,52559410,0.49,3,3399275
5,52559432,0.22,3,3399276
2,52561829,7,1,3399286
5,52561873,0.05,3,3399287
5,52563026,0.25,3,3399288
5,52563027,0.1,3,3399289
1,52563096,0.95,1,3399293
5,52550893,0.145,3,3399330
5,52554491,0.09,3,3399340
5,52554510,0.9,3,3399341
1,52555762,0,,3399352
5,52555764,0.31,3,3399353
1,52558234,0.9,1,3399366
5,52558250,0.07,3,3399367
5,52558263,0.565,3,3399368
12,52558278,0.8,1,3399369
16,52558291,0.8,1,3399370
5,52558303,0.175,3,3399371
15,52560720,2.4,1,3399378
16,52560738,7.4,1,3399379
2,52561895,0.1,3,3399380
1,52561911,0.01,1,3399381
5,52561931,0.065,3,3399382
5,52561932,1.1,3,3399383
5,52561936,0.145,3,3399384
5,52561944,1.03,3,3399385
1,52561950,1,11,3399386
2,52561951,1,9,3399387
15,52563117,30,9,3399388
4,52563118,0.1,1,3399389
4,52563120,0.01,1,3399390
5,52563125,0.151,3,3399391
5,52563139,0.007,3,3399392
5,52563140,0.122,3,3399393
5,52563146,1.068,3,3399394
5,52563156,0.886,3,3399395
5,52563159,0.306,3,3399396
5,52563161,2.655,3,3399397
5,52564352,0.01,3,3399400
1,52564381,1.5,1,3399401
5,52549781,0.08,3,3399429
15,52609825,4,1,3403634
5,52611020,5.2,1,3403640
5,52611024,0.6,1,3403641
12,52611030,0,1,3403642
8,52611033,2.4,1,3403643
5,52611040,19.5,1,3403644
15,52613462,9,9,3403646
15,52635293,10.9,1,3403655
5,52631798,0.8,3,3403864
5,52631801,0.576,3,3403865
2,52106529,5,1,3364807
5,52106556,1.5,1,3364808
16,52106569,3,1,3364809
5,52106594,1.5,1,3364880
16,52106600,0.099,1,3364881
2,52110117,0.5,1,3364898
2,52110122,5,1,3364899
5,52110138,3.5,1,3364900
5,52110156,0.007,1,3364901
5,52111369,0.002,1,3364958
5,52111372,1.5,1,3364959
2,52113779,0.001,1,3364969
14,52113809,13.4,1,3364970
5,52120643,1.5,1,3364994
2,52120658,0.004,1,3364995
4,52111429,4,1,3365031
5,52113834,5,1,3365044
2,52113842,2.3,1,3365045
2,52113864,0.005,1,3365046
5,52113879,0.444,3,3365047
2,52115055,5,1,3365048
5,52116266,0.046,3,3365055
2,52120669,0.004,9,3365063
11,52120696,4.5,1,3365064
2,52120707,1.3,1,3365065
5,52120708,0.25,3,3365066
5,52166324,24.1,1,3373680
16,52166326,11.5,9,3373681
5,52166338,0.33,3,3373682
12,52178000,0.74,1,3373736
16,52166350,3.7,1,3373791
5,52166352,0.283,3,3373792
5,52166353,0.173,3,3373793
5,52166367,0.138,3,3373794
5,52166380,1.17,3,3373795
5,52166405,0.08,3,3373796
5,52176138,0.4,3,3373845
12,52352944,0.4,1,3382085
16,52352983,63.6,1,3382086
5,52293037,0.012,3,3386122
5,52293757,2.9,3,3386123
5,52293793,1.1,1,3386124
5,52293796,3.5,1,3386125
5,52283301,0.21,3,3386172
2,52284561,0.42,1,3386178
8,52285754,1,9,3386179
5,52285759,0.1,3,3386180
5,52289469,0.015,3,3386193
5,52289474,4.6,3,3386194
12,52290647,1,1,3386198
5,52293062,0.12,3,3386205
5,52293069,0.095,3,3386206
5,52293071,0.42,3,3386207
5,52293075,8.71,3,3386208
5,52293093,62946,3,3386209
12,52293094,0.4,1,3386210
5,52293097,0.57,3,3386211
5,52284570,2.5,1,3386276
16,52285772,1,1,3386277
5,52285773,8,1,3386278
1,52288304,4.1,1,3386284
12,52288305,0.3,1,3386285
5,52289520,0.515,3,3386287
5,52289528,0.05,3,3386288
1,52289530,0.055,3,3386289
5,52289531,0.06,3,3386290
2,52289550,0.1,1,3386291
12,52283468,4,9,3386385
5,52283470,0.066,3,3386386
5,52284681,0.09,3,3386387
8,52285885,0.2,1,3386388
5,52285924,0.068,3,3386389
5,52359408,1.4,1,3390648
5,52359415,5.1,1,3390649
5,52360588,3.5,1,3390650
5,52360589,3.6,1,3390651
1,52360600,0.2,1,3390652
8,52360611,5,1,3390653
5,52360626,1.4,3,3390654
5,52360637,1.1,1,3390655
2,52364359,0.5,1,3390670
5,52364361,1,1,3390671
8,52364366,1.75,8,3390672
12,52364396,9.1,1,3390673
5,52353362,11.6,1,3390708
5,52353364,36.3,1,3390709
2,52357004,3.6,1,3390730
5,52357012,3.2,1,3390731
5,52357028,1,1,3390732
5,52357031,10.4,1,3390733
5,52359449,4,3,3390743
12,52364402,1,1,3390756
5,52364411,2.6,1,3390757
5,52364415,4.3,1,3390758
2,52364420,0.1,1,3390759
5,52364433,0.08,1,3390760
5,52364452,4.5,1,3390761
5,52353367,7.2,1,3390794
12,52353380,0.1,1,3390795
8,52353389,0.2,1,3390796
5,52353390,3.4,1,3390797
5,52354623,1.8,1,3390799
12,52354658,1.2,1,3390800
4,52357034,0.2,1,3390808
2,52357035,0.1,1,3390809
5,52357053,1.2,1,3390810
16,52357060,7.7,1,3390811
11,52357065,1.6,1,3390812
12,52357067,3.3,1,3390813
12,52357068,28,1,3390814
12,52357074,14.3,1,3390815
12,52357078,0.9,1,3390816
4,52357097,1.5,1,3390817
5,52357098,3.9,1,3390818
8,52481635,28,1,3395039
5,52481641,6.2,1,3395040
5,52481673,19.3,1,3395041
5,52481684,2,1,3395042
5,52481691,0.3,1,3395043
8,52481699,9.33,1,3395044
15,52484073,1.62,1,3395046
15,52484076,0.31,1,3395047
1,52486539,0.5,1,3395073
12,52476775,0.81,1,3395103
5,52476809,1.15,1,3395104
2,52476826,0.25,1,3395105
12,52476831,0.001,1,3395106
5,52432836,36.3,1,3395173
5,52432838,16.6,1,3395174
5,52432872,13,1,3395175
12,52434104,8.73,1,3395186
12,52434105,3.16,1,3395187
5,52434106,4.1,1,3395188
5,52437751,17.1,1,3395201
5,52437752,0.6,1,3395202
1,52438911,0.001,1,3395204
12,52438913,9.58,1,3395205
5,52438920,6.8,1,3395206
1,52438923,0.11,1,3395207
8,52438928,1,9,3395208
12,52438946,0.01,1,3395209
5,52431721,0.8,1,3395254
11,52431737,9.68,1,3395255
12,52431740,0.03,1,3395256
1,52431747,1,1,3395257
5,52434108,0.01,1,3395268
12,52434110,0.14,1,3395269
2,52434113,0.001,1,3395270
12,52434114,15,1,3395271
2,52434132,7.04,1,3395272
12,52434133,12.07,1,3395273
16,52434136,9,9,3395274
5,52434141,44.5,1,3395275
5,52434153,33.21,1,3395276
5,52434168,27.1,1,3395277
5,52435376,1.9,1,3395279
5,52435380,3.3,1,3395280
2,52435381,0.17,1,3395281
5,52435389,13,1,3395282
17,52562030,1.8,1,3399493
15,52562034,162.07,1,3399494
5,52563179,0.175,3,3399495
5,52563190,2.05,3,3399496
5,52563203,3.54,3,3399497
5,52563211,0.697,3,3399498
2,52563217,0.22,1,3399499
5,52564392,0.04,3,3399505
5,52564422,0.38,3,3399506
12,52549807,0.4,1,3399523
15,52549818,0.3,1,3399524
15,52549819,0.5,1,3399525
5,52551018,0.025,3,3399532
12,52551026,0.9,1,3399533
5,52555877,0.06,3,3399568
1,52555888,1,1,3399569
2,52555910,0.4,1,3399570
5,52557101,0.085,3,3399572
12,52557135,1.5,1,3399573
5,52557159,0.08,3,3399574
5,52562041,0.02,3,3399604
5,52562055,0.08,3,3399605
5,52562100,1,3,3399606
5,52557184,0.7,3,3399680
2,52557191,1,1,3399681
5,52559728,1.96,3,3399694
5,52559732,4,10,3399695
5,52629462,3,3,3403944
5,52629543,0.2,3,3404013
5,52629552,2.5,1,3404014
5,52629553,23.5,1,3404015
5,52630831,3,1,3404092
2,52630837,0.2,1,3404093
5,52630919,1.2,1,3404148
16,52109224,11,9,3365116
2,52109241,0.001,1,3365117
12,52116350,0.9,1,3365130
5,52116388,0.002,1,3365131
5,52110452,2.2,1,3365161
2,52110467,1,1,3365162
5,52114006,0.003,1,3365217
5,52116429,0.002,1,3365218
5,52116433,0.076,1,3365219
5,52116447,2,1,3365220
5,52116465,0.03,1,3365221
2,52117639,0.001,1,3365222
5,52117666,16,1,3365223
5,52117671,312,1,3365224
5,52117672,0.001,1,3365225
4,52102162,0.6,1,3365232
8,52102177,5,9,3365233
5,52112879,0.18,3,3365284
5,52112893,0.342,3,3365285
5,52114100,14,1,3365286
5,52115329,0.005,1,3365293
5,52115330,0.1,3,3365294
12,52118925,34,1,3365300
5,52102236,0.184,3,3365308
12,52171339,0.25,1,3373942
8,52171340,7.67,1,3373943
5,52171359,0.61,3,3373944
5,52164114,4.74,4,3373996
1,52167713,0.1,1,3374016
5,52167723,0.09,3,3374017
2,52167756,0.68,1,3374018
2,52167757,0.22,1,3374019
5,52167768,0.055,3,3374020
5,52167773,0.01,3,3374021
5,52170178,2.259,1,3374030
5,52173850,1.104,3,3374038
5,52173903,0.381,3,3374039
5,52161744,0.77,3,3374065
5,52161750,0.055,3,3374066
5,52161765,3.912,3,3374067
5,52161778,0.01,1,3374068
5,52165400,0.09,3,3374095
5,52167787,0.225,3,3374097
5,52167801,0.017,3,3374098
5,52167806,0.17,3,3374099
5,52167807,0.078,3,3374100
5,52167808,0.024,3,3374101
5,52167834,1,9,3374102
17,52170202,4,9,3374114
2,52170203,0.12,1,3374115
5,52170205,0.048,3,3374116
5,52173920,0.299,3,3374143
5,52173921,0.113,3,3374144
5,52351129,59.2,1,3382250
5,52351131,3,3,3382251
5,52351132,8,1,3382252
8,52352087,2,9,3382254
2,52347512,1,1,3382307
5,52347516,8.4,1,3382308
5,52347554,125.6,1,3382309
5,52347557,0.9,1,3382310
5,52347563,4.8,1,3382311
12,52347566,0.3,1,3382312
5,52348761,0.6,1,3382319
5,52348784,5.5,1,3382320
12,52348786,1.1,1,3382321
1,52351158,0.5,1,3382326
5,52351165,0.9,1,3382327
5,52347596,5.7,1,3382390
16,52352487,0.8,1,3382409
16,52352488,269.6,1,3382410
5,52352500,75.1,1,3382411
5,52293969,0.8,1,3386428
1,52276286,0.9,1,3386438
5,52276302,0.5,1,3386439
5,52276307,4.3,1,3386440
5,52278642,472.63,1,3386449
5,52278652,0.4,1,3386450
1,52284781,0.3,1,3386489
5,52284786,2.6,1,3386490
5,52285929,0.42,3,3386491
12,52292094,0.7,1,3386507
5,52292118,0.8,3,3386508
5,52276321,6.2,1,3386519
2,52276330,0.6,1,3386520
8,52276331,10,9,3386521
5,52276333,7,1,3386522
5,52276336,3,1,3386523
5,52276343,36,1,3386524
5,52276351,4.4,1,3386525
5,52276362,0.2,1,3386526
5,52277547,0.08,3,3386529
5,52277569,0.02,3,3386530
1,52278774,21.6,1,3386535
12,52278788,0.2,1,3386536
5,52281160,14.11,1,3386550
5,52281202,0.29,1,3386551
5,52281211,31.52,1,3386552
5,52281215,1.95,1,3386553
5,52284808,1,1,3386569
12,52284816,7.57,1,3386570
5,52284823,2.5,1,3386571
12,52284830,1,1,3386572
1,52284845,130,1,3386573
12,52284855,0.6,1,3386574
12,52284869,25.9,1,3386575
5,52286052,2.7,3,3386576
5,52290962,6,1,3386596
1,52290971,1,1,3386597
2,52292154,0.2,1,3386598
2,52292176,0.3,1,3386599
5,52292183,0.1,3,3386600
5,52278808,22,1,3386632
5,52284904,1,3,3386659
16,52284917,6,9,3386660
5,52284921,2.83,1,3386661
5,52284932,0.294,3,3386662
5,52284937,2.67,1,3386663
5,52353482,3.1,1,3390869
12,52353499,0.4,1,3390870
8,52354686,8.49,1,3390871
12,52354694,0.4,1,3390872
5,52354698,9.3,1,3390873
2,52354712,0.1,1,3390874
12,52354717,1,1,3390875
12,52354718,572.6,1,3390876
12,52354741,0.7,1,3390877
5,52358405,8.5,1,3390891
5,52359647,15.6,1,3390894
5,52354744,1,1,3390941
5,52358424,17.5,1,3390960
5,52358435,1,1,3390961
5,52358464,2.4,1,3390962
5,52358466,4.3,1,3390963
8,52359667,0.9,1,3390964
5,52359670,11,1,3390965
5,52359674,2,1,3390966
5,52356053,2.1,1,3391012
12,52356059,22.5,1,3391013
5,52356060,146,1,3391014
5,52356071,5.6,1,3391015
5,52356102,5.2,1,3391016
5,52356103,4.5,1,3391017
5,52358497,531,1,3391022
5,52353688,6,1,3391064
2,52353698,12.3,1,3391065
5,52353708,28.3,1,3391066
5,52353726,3.8,1,3391067
5,52353727,7.9,1,3391068
5,52353729,5.4,1,3391069
12,52356115,1.9,1,3391072
5,52356119,11.7,1,3391073
12,52356131,6.2,1,3391074
1,52356136,0.8,1,3391075
5,52356142,11.2,1,3391076
5,52356153,0.393,3,3391077
5,52438980,2,3,3395298
2,52442776,0.32,1,3395319
2,52442779,0.001,1,3395320
5,52431759,1,1,3395354
5,52431774,0.001,1,3395355
5,52431777,1.9,1,3395356
5,52431780,2.5,1,3395357
5,52431793,89.5,1,3395358
5,52431808,13.6,1,3395359
5,52431813,6,1,3395360
12,52431814,4042.81,1,3395361
5,52431817,5,1,3395362
2,52431818,0.23,1,3395363
5,52431825,8.3,1,3395364
5,52431828,0.1,3,3395365
5,52431829,4.9,1,3395366
12,52434216,0.36,1,3395369
5,52434224,5,1,3395370
5,52435401,8.9,1,3395376
5,52435409,3.6,1,3395377
5,52435410,1.5,1,3395378
5,52435445,26.1,1,3395379
12,52435454,0.27,1,3395380
16,52442801,0.85,1,3395412
2,52442804,0.75,1,3395413
5,52442809,16.3,1,3395414
1,52442812,0.84,1,3395415
5,52442818,0.001,1,3395416
12,52447719,0.001,1,3395437
5,52447721,5.5,1,3395438
5,52431830,3.9,1,3395451
5,52431834,1,1,3395452
2,52431868,0.47,1,3395453
16,52431888,1,9,3395454
1,52431890,0.9,1,3395455
5,52431894,0.2,1,3395456
2,52431902,0.23,1,3395457
5,52431903,104.3,1,3395458
4,52431906,0.001,1,3395459
5,52435491,7.7,1,3395475
5,52435501,0.001,1,3395476
12,52435502,8.96,1,3395477
5,52435537,10.5,1,3395478
5,52436751,0.2,3,3395481
5,52436757,5,1,3395482
5,52437962,4,1,3395485
2,52437972,0.001,1,3395486
5,52437974,15,1,3395487
1,52437977,0.09,1,3395488
1,52431908,0.42,1,3395542
1,52431922,0.16,1,3395543
5,52431933,19.8,1,3395544
5,52431935,1,1,3395545
1,52431949,0.5,1,3395546
2,52431952,0.72,1,3395547
5,52431965,9.6,1,3395548
5,52431979,3,1,3395549
5,52434397,30,1,3395557
2,52435552,0.8,1,3395558
5,52435553,446,1,3395559
12,52435570,0.02,1,3395560
12,52548799,11.4,1,3399732
12,52557304,0.5,1,3399774
1,52557305,0.6,1,3399775
12,52562213,0.9,1,3399809
5,52548822,0.005,3,3399839
5,52548867,0.005,3,3399840
5,52557326,0.92,3,3399876
5,52559845,0.06,3,3399878
2,52559849,0.2,1,3399879
5,52559856,0.07,3,3399880
17,52548886,0.3,1,3399927
1,52548890,0.7,1,3399928
5,52548892,0.4,3,3399929
5,52548900,0.39,3,3399930
5,52548910,0.07,3,3399931
5,52548912,0.08,3,3399932
12,52548926,0.7,1,3399933
5,52548932,1,3,3399934
5,52624952,0.4,3,3404186
5,52630940,13.5,1,3404199
5,52625042,0.001,1,3404248
5,52628609,1.4,1,3404257
5,52628611,61,1,3404258
5,52628612,1.8,1,3404259
5,52631040,7.5,1,3404266
2,52631064,6,1,3404267
5,52631073,8.6,1,3404268
5,52625051,45,1,3404312
5,52625054,1.5,1,3404313
5,52625109,1.1,3,3404314
16,52625120,18,9,3404388
5,52625153,4.66,3,3404389
5,52625157,3.63,3,3404390
5,52625158,4.5,1,3404391
2,52625171,0.1,1,3404392
5,52625172,0.8,1,3404393
11,52112930,20.23,1,3365355
2,52112948,1.6,1,3365356
2,52112957,380.7,1,3365357
5,52114139,0.033,1,3365358
12,52115361,2,9,3365363
5,52115362,0.007,1,3365364
5,52115381,0.006,1,3365365
5,52119007,0.3,3,3365372
12,52119043,0.7,1,3365373
5,52102269,0.265,3,3365379
5,52112985,0.42,3,3365405
2,52112986,6.6,1,3365406
5,52112996,0.05,1,3365407
2,52113006,1.8,1,3365408
5,52113007,2.3,3,3365409
5,52115456,1.2,1,3365423
2,52115457,3.7,1,3365424
5,52116663,0.007,1,3365426
16,52116674,0.001,1,3365427
5,52119065,0.007,1,3365434
16,52119077,0.026,1,3365435
16,52119123,171,1,3365436
1,52119824,0.1,1,3365437
5,52119856,0.54,3,3365438
5,52119857,0.312,3,3365439
5,52119868,10,1,3365440
5,52119873,7.45,3,3365441
5,52119886,0.031,3,3365442
16,52115525,25,9,3365483
12,52115530,0.5,1,3365484
2,52116730,0.001,1,3365486
16,52116753,0.002,1,3365487
12,52116765,0.001,1,3365488
5,52119142,8.4,1,3365498
1,52119145,0.2,1,3365499
5,52119897,1.64,3,3365512
2,52111989,3.24,1,3365577
5,52120011,0.001,1,3365601
2,52165451,0.1,1,3374217
5,52165481,1.67,3,3374218
5,52167865,0.016,3,3374231
2,52167874,0.12,1,3374232
5,52167887,0.206,3,3374233
5,52167899,3.13,3,3374234
5,52169097,0.515,3,3374235
5,52169108,0.57,3,3374236
5,52163114,0.2,3,3374309
2,52163117,7.7,1,3374310
5,52163134,0.1,1,3374311
5,52163146,0.072,3,3374312
5,52163157,0.083,3,3374313
11,52167941,20,9,3374331
2,52169138,0.37,1,3374334
12,52170396,3.91,1,3374362
5,52136390,0.592,3,3374376
8,52136406,1,9,3374377
2,52136431,2.8,1,3374378
1,52120761,0.15,1,3374391
2,52120813,0.17,8,3374392
8,52121967,0.005,1,3374393
5,52121991,4,1,3374394
8,52121993,10.2,9,3374395
5,52123212,1.1,3,3374408
5,52125562,0.086,3,3374437
5,52125567,0.025,3,3374438
5,52125573,0.193,3,3374439
5,52125592,0.13,3,3374440
5,52125599,0.25,3,3374441
5,52125604,0.202,3,3374442
2,52125611,1,9,3374443
16,52125625,10.23,1,3374444
5,52128009,4.7,4,3374466
5,52129164,185,1,3374467
2,52129170,31.2,1,3374468
5,52129173,2,1,3374469
1,52129203,1,1,3374470
16,52129204,0.055,9,3374471
5,52129215,0.002,1,3374472
5,52129216,1,3,3374473
8,52129220,0.004,1,3374474
5,52136446,0.177,3,3374489
4,52136455,0.12,1,3374490
11,52346538,0.4,1,3382587
12,52346539,1.5,1,3382588
5,52346546,2.1,1,3382589
1,52346549,0.1,1,3382590
5,52346550,30.5,1,3382591
1,52346559,0.6,1,3382592
5,52346563,3,1,3382593
5,52350215,11.6,1,3382600
5,52350237,4.2,1,3382601
5,52344148,0.02,3,3382663
5,52344167,3.82,3,3382664
12,52344177,1.41,1,3382665
8,52344199,2.7,1,3382666
5,52344200,20.3,1,3382667
5,52344206,3.1,1,3382668
5,52344215,5.7,1,3382669
1,52346601,6.8,1,3382675
2,52346604,1.8,1,3382676
5,52346612,4,1,3382677
5,52346650,1.7,1,3382678
8,52346651,1.3,1,3382679
12,52347832,0.88,1,3382680
5,52347833,7.5,1,3382681
11,52349041,0.7,1,3382683
12,52349071,5.3,1,3382684
5,52349085,10.6,1,3382685
5,52349087,1.5,1,3382686
12,52349098,10.6,1,3382687
5,52350251,5.5,1,3382688
5,52350276,1.9,1,3382689
12,52344243,0.1,1,3382742
4,52344244,0.23,1,3382743
5,52349116,3.7,1,3382757
5,52349124,3.2,1,3382758
5,52350330,1.2,1,3382765
5,52350359,8.4,1,3382766
12,52350367,0.01,1,3382767
1,52350384,1.2,1,3382768
12,52350402,0.2,1,3382769
5,52291022,3,1,3386695
5,52292243,1.9,1,3386697
5,52292262,0.3,1,3386698
5,52293494,0.2,3,3386699
5,52277665,0.8,1,3386715
5,52277666,1.5,1,3386716
8,52277679,2.2,1,3386717
8,52282522,2.5,1,3386730
5,52428032,1.3,1,3386799
5,52414940,2.5,1,3386819
15,52425610,0.78,1,3386860
5,52425613,29.3,1,3386861
12,52425616,0.08,1,3386862
2,52425626,0.66,1,3386863
5,52425633,39,1,3386864
5,52425651,2.71,1,3386865
5,52425653,3.7,1,3386866
5,52428048,1.3,1,3386873
15,52428050,8.61,1,3386874
5,52428068,10.5,1,3386875
5,52428084,0.5,1,3386876
2,52428085,0.1,1,3386877
5,52425684,0.2,1,3386931
12,52425687,0.41,1,3386932
5,52425692,1,3,3386933
5,52425695,10.1,1,3386934
5,52425701,0.96,1,3386935
2,52425704,0.32,1,3386936
12,52425705,0.07,1,3386937
5,52425707,2,1,3386938
2,52353767,0.1,1,3391158
12,52357526,0.2,1,3391236
12,52357540,0.3,1,3391237
8,52359982,0.08,1,3391246
1,52359990,0.2,1,3391247
8,52360000,1.16,1,3391248
5,52360017,16.5,1,3391249
6,52353931,0.08,1,3391310
1,52353948,0.83,1,3391311
2,52353955,8,1,3391312
5,52353957,3.6,1,3391313
5,52353958,4.3,1,3391314
5,52360040,3.4,1,3391327
5,52360044,0.6,1,3391328
5,52360074,5,1,3391329
5,52360075,2.1,1,3391330
2,52360083,1.25,1,3391331
2,52360092,9.44,1,3391332
2,52360102,5.84,1,3391333
1,52360108,1.41,1,3391334
5,52353989,5.9,4,3391378
5,52435575,6.2,1,3395561
2,52435577,1.46,1,3395562
12,52435604,5.42,1,3395563
5,52435609,675.62,1,3395564
4,52436780,0.35,1,3395567
5,52436798,3.6,1,3395568
5,52436807,0.8,1,3395569
5,52436809,28.7,1,3395570
12,52436826,12.33,1,3395571
2,52436832,0.001,1,3395572
5,52436834,0.11,1,3395573
2,52436842,0.001,1,3395574
5,52437997,13,1,3395575
5,52438007,6.9,1,3395576
5,52438008,4.4,1,3395577
5,52438015,7.3,1,3395578
5,52438047,7.65,3,3395579
5,52431984,2,1,3395632
5,52431988,1.6,3,3395633
5,52433245,0.8,1,3395644
5,52434428,4.6,1,3395645
2,52434452,0.001,1,3395646
5,52434462,1.5,1,3395647
2,52434478,0.01,1,3395648
16,52436853,6.15,1,3395654
5,52436854,3,1,3395655
5,52436860,5,1,3395656
13,52436872,1.2,1,3395657
12,52436887,0.5,1,3395658
8,52438091,0.94,1,3395659
5,52438104,1.2,1,3395660
5,52438114,16,1,3395661
5,52441804,11.6,1,3395675
5,52441839,0.8,1,3395676
5,52441842,17.6,1,3395677
1,52446731,0.3,1,3395694
12,52446740,5.59,1,3395695
5,52446746,2,1,3395696
12,52446748,15.79,1,3395697
1,52446764,0.02,1,3395698
5,52430879,0.5,1,3395710
1,52434482,0.37,1,3395720
11,52434486,28,1,3395721
5,52434489,4.3,1,3395722
12,52434498,0.19,1,3395723
5,52434547,7.98,1,3395729
1,52434548,0.2,1,3395730
12,52439419,0.27,1,3395748
12,52439420,0.62,1,3395749
2,52441883,0.82,1,3395756
12,52441886,0.05,1,3395757
5,52441887,15.9,1,3395758
2,52441894,0.07,1,3395759
16,52441915,1.65,1,3395760
16,52446794,0.16,1,3395774
8,52446809,2.13,1,3395775
12,52446837,0.001,1,3395776
5,52446851,14.1,1,3395777
5,52434573,0.9,1,3395804
12,52434576,0.12,8,3395805
5,52434584,7.2,1,3395806
2,52434601,0.001,1,3395807
5,52435850,7,1,3395812
5,52437048,31,1,3395816
5,52437063,87,1,3395817
5,52437074,848.12,1,3395818
5,52551450,0.21,3,3400067
5,52551451,2.085,3,3400068
5,52551454,0.275,3,3400069
12,52551456,3.1,1,3400070
5,52552712,1.94,3,3400157
5,52552720,0.01,3,3400158
5,52557616,0.1,3,3400180
5,52557617,0.1,3,3400181
5,52558855,0.04,3,3400183
5,52558856,0.18,3,3400184
2,52558857,0.6,1,3400185
16,52558858,15.6,1,3400186
5,52558867,5.895,3,3400187
5,52547927,0.03,3,3400218
1,52547954,11.2,1,3400219
16,52552751,3.1,1,3400230
4,52552755,0.1,1,3400231
12,52557623,0.8,1,3400253
5,52557659,0.02,3,3400254
4,52111990,0.06,1,3365670
5,52112014,9.5,1,3365671
5,52119300,0.002,1,3365699
2,52119337,0.5,1,3365700
5,52107465,0.024,1,3365714
16,52118158,4.4,1,3365761
5,52118163,0.006,1,3365762
5,52119388,0.008,1,3365765
5,52120161,0.25,3,3365767
8,52120163,137,9,3365768
5,52120255,0.213,3,3365863
5,52136506,0.126,3,3374491
5,52122044,0.005,1,3374510
5,52122052,1,1,3374511
5,52122066,0.003,1,3374512
2,52123249,1,1,3374513
5,52123260,1.7,1,3374514
5,52123279,224,1,3374515
16,52125647,38.1,2,3374527
16,52125659,0.18,1,3374528
5,52125661,0.65,3,3374529
2,52128035,11.1,1,3374536
4,52131763,0.6,1,3374547
5,52131787,0.022,3,3374548
5,52139551,1.438,3,3374574
2,52128106,0.37,1,3374604
5,52131789,0.841,3,3374625
12,52131813,0.35,1,3374626
5,52131815,0.375,3,3374627
5,52131816,0.18,3,3374628
5,52131820,0.7,3,3374629
2,52131827,0.08,1,3374630
5,52134160,0.362,3,3374641
12,52123386,0.005,1,3374691
12,52124645,1.5,1,3374697
12,52124646,0.12,1,3374698
16,52128229,1,9,3374708
5,52128247,0.006,1,3374709
12,52134263,12.83,1,3374732
2,52134277,0.74,1,3374733
2,52134294,3.18,1,3374734
16,52134307,0.6,1,3374735
2,52134309,7.3,1,3374736
5,52135461,1.26,4,3374739
2,52135474,0.4,1,3374740
8,52350410,130.5,1,3382844
4,52350422,0.2,1,3382845
12,52350423,17.6,1,3382846
5,52350432,0.8,1,3382847
5,52350437,25.9,1,3382848
5,52343267,3.9,1,3382910
2,52343293,0.09,1,3382911
5,52343295,4,1,3382912
5,52344425,37.44,1,3382924
1,52344427,0.1,1,3382925
1,52344430,0.17,1,3382926
5,52344441,1.3,1,3382927
12,52348072,4.3,1,3382944
5,52334981,200.44,1,3382956
12,52334985,0.09,1,3382957
12,52334987,25,5,3382958
5,52307025,0.035,3,3382973
2,52308261,0.1,1,3382975
5,52310660,135.75,1,3382983
5,52310669,3.4,1,3382984
5,52294857,2.7,1,3382998
8,52300930,2.3,1,3383007
12,52307121,17.17,1,3383024
5,52307146,3.6,1,3383026
5,52307150,15.8,1,3383027
5,52313192,0.4,1,3383043
2,52313232,0.31,1,3383044
5,52294880,4.36,1,3383045
2,52294922,1.37,1,3383046
4,52296128,0.16,1,3383047
5,52296139,0.9,1,3383048
5,52297331,0.135,3,3383051
5,52298563,36.7,1,3383054
2,52298582,7.26,1,3383055
1,52299756,0.5,1,3383056
5,52299764,0.08,3,3383057
5,52299776,0.4,3,3383058
12,52299808,2.9,1,3383059
5,52302223,8.8,1,3383069
12,52302234,0.29,1,3383070
5,52302236,0.5,1,3383071
11,52413924,6.68,1,3386967
8,52413944,5.79,1,3386968
5,52413966,5.2,1,3387051
5,52413967,4,1,3387052
12,52425872,0.84,1,3387107
8,52425877,1.24,1,3387108
5,52425910,3,1,3387109
4,52424716,0.02,1,3387200
5,52424718,2.5,1,3387201
6,52424726,0.2,1,3387202
5,52424729,1,1,3387203
2,52424742,0.23,1,3387204
5,52424752,9.4,1,3387205
5,52424754,2.5,1,3387206
5,52425915,2.1,1,3387209
8,52425916,1.43,1,3387210
5,52425923,73.55,1,3387211
5,52425969,1,1,3387212
5,52425977,6,1,3387213
5,52425981,15.3,1,3387214
5,52359060,2.3,1,3391544
12,52359078,0.6,1,3391545
5,52359081,1.5,1,3391546
5,52359094,2.5,1,3391547
6,52359099,0.2,1,3391548
5,52359100,0.7,1,3391549
5,52361519,4.5,1,3391570
5,52361528,0.001,1,3391571
5,52361535,6.6,1,3391572
1,52361545,10.2,1,3391573
5,52361546,0.9,1,3391574
5,52361553,6.3,1,3391575
4,52361562,0.1,1,3391576
5,52492557,0.63,3,3391634
12,52492562,4.8,1,3391635
5,52493793,0.1,3,3391637
5,52493806,26,1,3391638
5,52493830,0.2,1,3391639
5,52496145,2.666,3,3391645
12,52496147,0.32,1,3391646
5,52496156,45.7,1,3391647
1,52496167,4.5,1,3391648
5,52496191,2.44,1,3391649
12,52496209,0.42,1,3391650
8,52502057,0.8,1,3391665
15,52490237,9,9,3391688
2,52490238,0.18,1,3391689
2,52490246,0.04,1,3391690
5,52490247,1.2,1,3391691
16,52490258,5,9,3391692
5,52446856,2,1,3395851
5,52446859,5.7,1,3395852
12,52446863,4,1,3395853
5,52446867,7.5,1,3395854
5,52431018,3,1,3395870
12,52431019,6.72,1,3395871
1,52431020,2.78,1,3395872
2,52431025,0.23,1,3395873
8,52431029,0.13,1,3395874
5,52434637,9,1,3395887
5,52434638,0.8,1,3395888
12,52435864,3.4,1,3395895
12,52435872,0.59,1,3395896
5,52435879,0.82,1,3395897
12,52435897,0.21,1,3395898
5,52435904,0.14,1,3395899
5,52437093,5.44,1,3395901
5,52437100,6.7,1,3395902
5,52437102,0,,3395903
12,52437129,10.83,1,3395904
12,52437134,0.6,1,3395905
16,52437143,0.07,1,3395906
16,52437155,7.5,1,3395988
5,52437160,1,10,3395989
12,52437163,0.49,1,3395990
5,52443385,1.3,3,3396017
5,52445844,5,1,3396025
12,52438466,0.51,1,3396074
2,52438471,2.83,1,3396075
5,52438484,2.8,1,3396076
12,52438486,9.38,1,3396077
5,52438497,9,1,3396078
12,52438502,0.18,1,3396079
5,52438507,1.5,1,3396080
16,52440928,0.91,1,3396089
5,52440957,6.877,3,3396090
2,52443403,0.43,1,3396098
5,52443404,14.3,1,3396099
5,52443405,6,1,3396100
5,52443419,1,1,3396101
5,52443420,4,1,3396102
2,52443433,0.001,1,3396103
5,52443441,6.5,1,3396104
16,52443456,0.51,1,3396105
2,52443457,1,1,3396106
2,52552846,0.01,1,3400323
5,52552875,0.025,3,3400324
2,52552885,0.7,1,3400325
5,52552886,0.005,3,3400326
1,52552896,1.8,1,3400327
13,52560288,0.9,1,3400346
2,52565846,0.09,1,3400368
5,52565853,0.1,3,3400369
12,52565854,1.2,1,3400370
5,52565864,0.005,3,3400371
5,52565873,27.9,3,3400372
2,52550537,2.1,1,3400383
5,52551746,0.655,3,3400386
1,52555375,1,1,3400404
12,52557777,0.24,1,3400406
2,52557778,0.02,1,3400407
8,52560296,2.9,1,3400424
5,52560322,0.07,3,3400425
5,52560332,0.05,3,3400426
16,52560365,2.9,1,3400427
2,52550584,2.1,1,3400454
5,52550596,0.055,3,3400455
16,52551761,3.01,3,3400456
1,52551773,1.1,1,3400457
12,52551806,2.7,1,3400458
5,52555416,0.09,3,3400467
5,52555457,0.17,3,3400468
5,52555458,7.695,3,3400469
13,52555459,0.2,1,3400470
1,52555476,17.1,1,3400471
5,52556656,0.57,3,3400472
5,52556673,0.08,3,3400473
4,52556681,0.7,1,3400474
1,52559176,1.4,1,3400488
5,52559180,0.99,3,3400489
5,52559181,0.216,3,3400490
5,52560381,0.04,3,3400492
5,52562830,0.12,3,3400497
5,52564075,1.28,3,3400504
5,52564076,1.65,3,3400505
5,52551838,0.07,3,3400517
12,52556723,1,1,3400527
5,52556750,0.125,3,3400528
2,52556772,6.6,1,3400529
2,52596592,0.1,1,3404747
5,52602562,0.018,3,3404772
8,52602576,7,9,3404773
5,52602593,0.519,3,3404774
5,52602617,35.2,1,3404775
5,52602618,1.8,1,3404776
5,52589264,0.195,3,3404801
12,52589268,2.9,1,3404802
1,52589286,6.6,1,3404803
4,52589290,0.3,1,3404804
5,52589295,0.035,3,3404805
1,52589306,0.2,1,3404806
5,52589322,0.19,3,3404807
8,52589325,0.06,1,3404808
5,52594121,0.33,3,3404832
16,52594122,4,9,3404833
5,52594137,0.323,3,3404834
5,52594140,0.866,3,3404835
5,52594146,0.162,3,3404836
12,52594157,0.53,1,3404837
5,52594159,0.114,3,3404838
5,52600282,10,1,3404882
5,52602655,1.7,1,3404883
5,52602658,6.1,1,3404884
5,52602659,1.4,1,3404885
5,52602661,17.4,1,3404886
5,52602662,4,1,3404887
5,52589359,0.76,3,3404911
5,52590623,0.497,3,3404912
5,52594182,1.172,3,3404930
5,52196710,10,4,3370394
5,52196732,0.02,3,3370395
5,52140050,0.131,3,3370403
2,52140051,15.5,1,3370404
5,52183731,0.085,3,3370418
5,52187192,0.277,3,3370433
16,52189489,11.6,1,3370437
5,52191914,0.1,1,3370445
5,52191928,0.266,3,3370446
5,52183770,0.063,3,3370501
5,52183772,4.91,3,3370502
5,52183800,0.081,3,3370503
5,52183804,0.088,3,3370504
5,52183814,0.122,3,3370609
5,52183818,0.313,3,3370610
5,52183864,0.1,3,3370611
5,52124671,0.063,3,3374801
2,52124687,5.8,1,3374802
5,52124699,0.08,3,3374803
1,52124708,2.84,1,3374804
5,52124722,0.15,3,3374805
5,52124723,0.1,3,3374806
5,52128250,0.005,1,3374822
12,52128257,0.003,1,3374823
5,52128271,0.2,3,3374824
5,52134316,0.592,3,3374859
5,52121144,0.2,3,3374889
2,52121148,2.87,1,3374890
5,52121154,149.7,1,3374891
5,52121155,3.68,4,3374892
2,52121156,15.21,1,3374893
5,52121192,0.67,3,3374894
5,52121199,0.225,3,3374895
5,52139620,0.363,3,3375029
8,52241813,16,9,3379042
8,52241823,1,9,3379043
2,52307164,0.2,1,3383084
8,52307167,33,1,3383085
5,52307221,11.1,1,3383086
1,52307228,0.28,1,3383087
12,52307230,1.62,1,3383088
8,52307236,0.5,1,3383089
12,52307237,1.6,1,3383090
5,52309640,2,3,3383108
8,52296160,1,9,3383122
5,52296164,3.7,1,3383123
5,52296177,4.8,1,3383124
5,52296203,1.1,1,3383125
5,52298587,1.4,1,3383129
5,52298593,1.3,1,3383130
5,52298597,0.8,1,3383131
12,52298606,0.15,1,3383132
5,52298620,3.5,1,3383133
5,52301087,7.3,1,3383141
5,52301088,0.4,1,3383142
5,52301089,4.9,1,3383143
12,52301109,0.74,1,3383144
16,52307300,3.2,1,3383161
12,52309728,0.14,1,3383165
5,52309734,2.7,1,3383166
5,52310930,15.8,1,3383167
12,52312151,0.49,1,3383168
5,52314136,21.7,1,3383178
5,52314146,10.4,1,3383179
2,52296247,27.7,1,3383182
16,52296253,1,1,3383183
5,52296277,51.2,1,3383184
5,52296295,1.4,1,3383185
5,52296297,0.9,1,3383186
5,52301130,1,1,3383197
5,52301164,6.2,1,3383198
5,52302390,0.5,1,3383200
12,52302403,1,1,3383201
5,52303647,0.08,3,3383203
5,52304827,1.7,1,3383204
5,52304832,11.3,3,3383205
5,52304845,8,1,3383206
12,52304848,3.6,1,3383207
2,52307316,0.36,1,3383209
8,52307322,2.62,9,3383210
5,52307353,11.1,1,3383211
2,52308526,13.06,1,3383212
5,52308551,1.9,1,3383213
5,52308589,45.2,1,3383214
5,52309749,4.5,1,3383216
2,52309760,1.15,1,3383217
2,52310980,0.32,1,3383220
5,52314166,1.6,1,3383223
5,52314221,2.3,1,3383224
5,52314222,6,1,3383225
2,52314236,0.52,1,3383226
5,52301239,5.4,1,3383238
5,52301240,2.5,1,3383239
8,52302434,0.81,1,3383240
5,52302437,1.3,1,3383241
5,52302453,7.7,1,3383242
2,52302469,0.17,1,3383243
5,52302475,28.7,1,3383244
5,52302481,5.9,1,3383245
5,52303659,2.882,3,3383246
16,52303661,0.002,1,3383247
5,52303693,0.095,3,3383248
5,52303714,0.1,3,3383249
5,52307397,0.7,1,3383259
5,52307399,6.6,1,3383260
8,52307401,4.9,1,3383261
13,52314283,1.64,1,3383287
5,52314286,0.2,1,3383288
5,52314288,2.2,1,3383289
5,52314299,0.5,1,3383290
5,52314311,1.1,1,3383291
5,52296397,0.01,3,3383297
5,52296398,0.08,3,3383298
2,52296417,1,1,3383299
5,52296429,2.06,3,3383300
5,52296447,0.02,3,3383301
5,52296450,0.045,3,3383302
5,52296453,0.185,3,3383303
5,52297633,1.5,8,3383304
5,52297634,0.4,1,3383305
5,52298837,0.108,3,3383306
1,52298840,0.6,1,3383307
5,52301268,3.1,1,3383312
5,52301295,0.6,1,3383313
1,52426004,0.68,1,3387294
5,52428562,219.58,1,3387371
5,52428564,15.7,1,3387372
5,52424955,49.7,1,3387430
5,52424968,3.7,1,3387431
2,52424974,0.1,1,3387432
5,52428574,12,1,3387441
2,52428579,0.06,1,3387442
8,52428596,1,9,3387443
5,52428620,1,1,3387444
12,52428638,0.001,1,3387445
10,52428641,0.001,1,3387446
5,52425009,0.3,1,3387502
12,52425013,0.6,1,3387503
5,52425025,10,1,3387504
2,52425027,28.51,1,3387505
5,52490266,0.8,1,3391750
16,52490272,77,1,3391751
5,52490307,6.7,1,3391752
5,52490308,0.1,1,3391753
12,52490314,0.49,1,3391754
12,52490320,0.33,1,3391755
12,52490337,0.15,1,3391756
5,52491536,16.5,1,3391760
5,52491545,2,1,3391761
5,52491547,3,1,3391762
5,52490367,9.3,1,3391811
5,52491552,122.9,1,3391816
11,52491553,11,1,3391817
12,52491558,0.3,1,3391818
12,52491569,3.03,1,3391819
5,52491571,0.05,1,3391820
5,52491574,1902.91,1,3391821
8,52491597,0.5,1,3391822
1,52491616,0.38,1,3391823
5,52491617,0.16,3,3391824
5,52491644,7.5,1,3391890
2,52491662,0.4,1,3391891
1,52491663,0.2,1,3391892
5,52491664,2,1,3391893
5,52491665,2.8,1,3391894
1,52491666,2.36,1,3391895
5,52502366,16.9,1,3391920
5,52502368,4.5,1,3391921
15,52502427,1,1,3391922
1,52496532,0.25,1,3391964
5,52496537,25.3,1,3391965
5,52496538,2.9,1,3391966
5,52496540,0.9,1,3391967
5,52496544,2.6,1,3391968
5,52445870,2.6,1,3396115
5,52445883,0.001,1,3396116
16,52438529,4.17,1,3396173
5,52438531,4,1,3396174
12,52438542,7.05,1,3396175
5,52438559,8.3,1,3396176
5,52440988,1.4,1,3396181
2,52441002,0.32,1,3396182
16,52441025,3.91,1,3396183
5,52441029,7.5,1,3396184
5,52441052,0.1,1,3396261
5,52441065,7,1,3396262
5,52441068,2.2,1,3396263
2,52442407,0.07,1,3396271
1,52435080,0.05,1,3396308
8,52437523,90,9,3396319
5,52437527,4.8,1,3396320
5,52437535,57,1,3396321
1,52442411,10.61,1,3396337
5,52442422,5,1,3396338
5,52442452,1.9,1,3396339
16,52442458,63.39,1,3396340
1,52442473,0.001,1,3396341
5,52432698,1.6,1,3396371
5,52432714,24.4,1,3396372
12,52432715,0.68,1,3396373
15,52432730,0.65,1,3396374
5,52435093,4.8,1,3396382
5,52435119,2.3,1,3396383
5,52435121,3,1,3396384
17,52435126,0.001,1,3396385
2,52435128,1.25,1,3396386
5,52435130,23,1,3396387
1,52508196,0.01,1,3400616
5,52508209,0.08,1,3400686
5,52508238,0.26,3,3400687
1,52508251,2.3,1,3400688
2,52508290,0.1,1,3400762
5,52508293,0.1,3,3400763
5,52590628,0.306,3,3405007
5,52593142,1,3,3405111
5,52601661,0.631,3,3405133
12,52601662,0.3,1,3405134
5,52601672,0.077,3,3405135
5,52601673,0.91,3,3405136
8,52601684,30,9,3405137
5,52601690,0.74,3,3405138
8,52601702,17,9,3405139
5,52601703,0.088,3,3405140
5,52601713,0.04,3,3405141
5,52601731,0.68,3,3405142
8,52604879,4,9,3405147
5,52604886,0.089,3,3405148
5,52585949,0.012,3,3405149
5,52585993,1.695,3,3405150
12,52586009,0.3,1,3405151
5,52588361,0.33,3,3405154
5,52588372,0.06,3,3405155
5,52588374,0.03,3,3405156
1,52588381,0.03,1,3405157
5,52588403,0.33,3,3405158
5,52588407,0.025,3,3405159
5,52590801,0.329,3,3405161
12,52590805,0.64,1,3405162
5,52590813,8.45,3,3405163
5,52590828,0.031,3,3405164
5,52590829,0.03,3,3405165
5,52593180,0.19,3,3405171
5,52593209,0.115,3,3405172
1,52593238,0.65,1,3405173
5,52593249,0.032,3,3405174
8,52601758,30,9,3405193
8,52601759,7,9,3405194
5,52601779,0.21,3,3405195
5,52601780,0.034,3,3405196
5,52604893,0.031,3,3405202
5,52604906,0.14,3,3405203
16,52604929,5,9,3405204
5,52604936,3.03,3,3405205
5,52604947,0.184,3,3405206
5,52604949,0.66,3,3405207
5,52604967,8.578,3,3405208
8,52586012,2.5,1,3405209
5,52586014,0.53,3,3405210
5,52586018,0.125,3,3405211
5,52593252,0.23,3,3405239
17,52190926,2.96,1,3370633
16,52190929,0.54,1,3370687
5,52195768,0.065,3,3370707
5,52195803,2,3,3370708
2,52182809,0.13,1,3370737
5,52186311,0.52,3,3370747
2,52186321,0.52,1,3370748
5,52186332,0.202,3,3370749
5,52186335,2.489,3,3370750
4,52189861,0.54,1,3370762
11,52191024,2,9,3370763
16,52191038,168.69,1,3370764
11,52195857,50,9,3370793
2,52195862,27.29,1,3370794
5,52182829,0.134,3,3370823
16,52182851,3,1,3370824
5,52189912,0.488,3,3370866
2,52189919,0.12,1,3370867
2,52189941,1.09,1,3370868
2,52197568,0.47,1,3370884
2,52197569,5,1,3370885
12,52197579,0.62,1,3370886
5,52130839,5.5,3,3375084
2,52130870,0.45,1,3375085
2,52130874,3.5,1,3375086
5,52127312,1.65,3,3375166
5,52127313,1,1,3375167
12,52127331,2.7,1,3375168
5,52135822,2.197,3,3375222
12,52135823,1.27,1,3375223
16,52127365,5,9,3375268
5,52127368,5.07,1,3375269
5,52127381,0.6,3,3375270
5,52127392,0.393,3,3375271
4,52132291,0.18,1,3375293
5,52135837,0.066,3,3375301
5,52135848,28.5,1,3375302
5,52135868,0.059,3,3375303
2,52137066,0.9,1,3375307
5,52137082,0.575,3,3375308
8,52137102,18,9,3375309
2,52240874,0.304,1,3379311
2,52240877,4.9,1,3379312
5,52240890,4.395,3,3379403
2,52240933,1.28,1,3379404
5,52240937,31.25,3,3379405
2,52309949,0.06,1,3383367
5,52309953,15.4,1,3383368
12,52311172,0.1,1,3383373
5,52313957,3.2,1,3383377
2,52313970,0.1,1,3383378
5,52296458,0.055,3,3383386
8,52297674,0.4,1,3383387
5,52297716,1,1,3383388
16,52301356,7.3,1,3383395
5,52307548,2.97,3,3383412
5,52309970,5.6,1,3383416
5,52295337,0.3,1,3383446
5,52295360,0.3,1,3383447
5,52296553,1.4,1,3383451
5,52296573,1.1,1,3383452
2,52296574,1.71,1,3383453
15,52296592,9,9,3383454
5,52296593,1.3,1,3383455
16,52296600,2.76,1,3383456
12,52300216,0.18,1,3383468
12,52300228,0.1,1,3383469
5,52300229,2.7,1,3383470
5,52300237,5.6,1,3383471
5,52302667,0.55,3,3383481
5,52302683,0.075,3,3383482
2,52306428,1.13,1,3383500
5,52306433,22.2,1,3383501
5,52307647,0.2,1,3383502
12,52307648,6.9,1,3383503
2,52313269,3.41,1,3383523
5,52313334,0.9,1,3383524
5,52296620,0.1,1,3383527
5,52297892,0.39,3,3383535
5,52300324,10,1,3383541
2,52306491,0.4,1,3383550
2,52311351,2.24,1,3383572
5,52311359,1.1,1,3383573
5,52313336,0.2,1,3383581
5,52313361,0.1,1,3383582
5,52313373,0.1,1,3383583
5,52295471,0,,3383584
5,52296757,3.1,1,3383588
15,52297916,3,9,3383589
5,52300369,3.6,1,3383595
8,52301574,0.9,1,3383597
1,52302809,0.18,1,3383601
5,52302810,3.5,1,3383602
5,52302817,2,1,3383603
5,52302827,6.5,1,3383604
5,52428647,3,1,3387527
2,52427654,0.51,1,3387691
12,52427658,0.26,1,3387692
8,52428798,0.24,1,3387693
12,52428806,0.19,1,3387694
5,52428809,34,1,3387695
2,52428819,0.4,1,3387696
8,52428831,9.23,1,3387697
8,52428853,15,9,3387698
5,52428855,2.9,1,3387699
5,52428866,1.4,1,3387700
5,52428870,6.5,1,3387701
2,52427666,3.76,1,3387763
5,52428875,11.2,1,3387770
2,52428884,13.71,1,3387771
5,52428893,0.25,3,3387772
5,52428904,5.3,1,3387773
5,52428918,0.4,1,3387774
5,52428932,8.1,3,3387775
5,52428938,111.33,1,3387776
5,52496554,1,1,3391969
11,52502450,0.2,1,3391994
5,52502480,0.2,1,3391996
5,52502485,0.03,3,3391997
5,52502524,0.07,3,3392047
8,52502534,0.4,1,3392048
1,52502538,0.3,1,3392049
5,52502572,0.195,3,3392050
2,52490657,22.07,1,3392069
1,52490658,0.4,1,3392070
5,52490659,0.5,1,3392071
5,52490663,11.8,1,3392072
1,52490665,0.09,1,3392073
5,52494338,0.07,3,3392078
5,52495585,4.22,1,3392084
17,52495598,9,9,3392085
12,52498944,0.7,1,3392089
2,52501415,3.84,1,3392093
5,52501424,7.6,1,3392094
2,52501426,0.19,1,3392095
5,52501433,12,1,3392096
5,52501439,443.57,1,3392097
12,52502607,0.3,1,3392098
12,52502613,0.1,1,3392099
1,52490748,0.5,1,3392119
5,52490755,0.03,3,3392120
1,52490766,1.82,1,3392121
1,52490787,0.7,1,3392122
5,52490792,4.7,1,3392123
1,52495607,0.5,1,3392129
5,52495612,1,1,3392130
2,52495659,0.3,1,3392131
5,52495674,4,1,3392132
5,52497908,0.17,3,3392138
12,52497936,0.5,1,3392139
5,52500279,0.52,3,3392140
1,52500285,0.2,1,3392141
5,52500302,0.065,3,3392142
5,52501446,0.1,3,3392143
5,52501472,30,1,3392144
2,52501475,1.4,1,3392145
1,52501479,0.2,1,3392146
2,52503907,0.3,1,3392152
5,52497965,0.025,3,3392198
2,52497974,0.2,1,3392199
5,52497976,1.125,3,3392200
1,52497991,7.8,1,3392201
5,52498001,0.5,3,3392202
12,52500353,0.7,1,3392205
5,52500355,0.08,3,3392206
5,52500363,2.28,3,3392207
5,52500370,0.095,3,3392208
1,52500386,2.3,1,3392209
5,52501587,0.045,3,3392211
2,52501596,2.3,1,3392212
5,52437541,0.4,1,3396397
5,52437560,7,1,3396398
1,52437567,0.42,1,3396399
12,52437589,24.04,1,3396400
2,52437590,0.6,1,3396401
5,52440036,220,5,3396416
5,52442491,1.3,1,3396430
12,52432742,0.37,1,3396475
8,52438864,0.73,1,3396497
5,52438865,1.3,1,3396498
1,52438872,0.2,1,3396499
1,52438873,8,1,3396500
16,52438876,15.03,1,3396501
4,52438892,0.19,1,3396502
2,52438902,0.001,1,3396503
5,52440065,1.68,1,3396504
5,52440071,28,1,3396505
5,52440083,0.5,3,3396506
5,52440090,8.6,1,3396507
2,52440108,1.25,1,3396508
16,52567735,1,1,3396561
5,52567740,0.26,3,3396562
16,52567750,23.7,1,3396563
16,52574846,2.2,1,3396586
5,52574866,0.055,3,3396587
5,52576048,0.09,3,3396589
12,52570257,1,1,3396661
12,52509708,3.5,1,3400893
12,52509712,0.9,1,3400894
5,52509726,1,11,3400950
5,52509729,0.095,3,3400951
5,52509765,0.25,3,3400952
12,52509773,1,1,3400953
5,52509774,0.97,3,3400954
8,52509784,5.6,1,3400955
2,52509786,1.1,1,3400956
12,52509793,1,1,3400957
5,52598329,0.02,3,3405331
12,52589819,1,1,3405359
5,52589820,0.25,3,3405360
2,52589829,2.1,1,3405361
12,52589834,2.7,1,3405362
5,52598345,6,1,3405397
5,52598366,5,1,3405398
5,52598403,1,11,3405401
5,52600751,1,11,3405402
5,52600757,0.147,3,3405403
5,52600759,0.056,3,3405404
16,52600763,80,9,3405405
5,52600765,0.089,3,3405406
5,52600781,0.031,3,3405407
5,52600795,0.309,3,3405408
5,52600796,0.092,3,3405409
11,52600798,26,1,3405410
5,52600823,0.19,3,3405411
12,52589867,8.3,1,3405457
5,52589873,0.045,3,3405458
5,52589880,0.45,3,3405459
1,52589881,1.1,3,3405460
5,52589882,0.425,3,3405461
5,52589892,0.1,3,3405462
16,52589915,15,1,3405463
5,52589919,0.005,3,3405464
5,52589920,0.2,3,3405465
5,52598425,0.144,3,3405507
8,52598429,1,9,3405508
5,52598444,0.486,3,3405509
5,52598449,0.019,3,3405510
16,52598462,6,9,3405511
12,52598465,0.031,1,3405512
8,52600843,3.5,9,3405519
5,52600868,0.143,3,3405520
5,52600869,0.057,3,3405521
1,52604032,0.8,1,3405536
5,52184166,0.05,3,3370906
5,52185368,0.594,3,3370915
5,52185389,0.07,3,3370916
5,52197600,1.06,3,3370958
5,52197631,0.046,3,3370959
5,52197649,0.24,3,3370960
8,52190071,10.84,1,3371007
4,52194878,0.93,1,3371025
5,52194903,0.1,3,3371026
2,52196098,0.52,1,3371027
2,52196099,0.31,1,3371028
5,52196133,0.96,3,3371029
5,52196134,0.126,3,3371030
5,52196135,0.38,3,3371031
16,52191349,11.78,1,3371075
5,52191350,2.73,3,3371076
5,52191365,3.9,3,3371077
5,52192583,0.9,3,3371082
5,52194947,0.108,3,3371088
5,52194957,1.07,3,3371089
2,52196149,0.34,1,3371094
5,52188956,1,4,3371141
12,52192621,0.21,1,3371156
4,52192635,0.1,1,3371157
2,52192644,0.21,1,3371158
2,52196996,7.21,1,3371170
5,52197001,0.323,3,3371171
5,52197037,5.5,1,3371172
8,52123881,38.5,1,3375334
2,52127429,3.9,1,3375346
5,52132328,1.709,3,3375363
8,52135947,0.58,1,3375386
5,52135971,0.118,3,3375387
5,52135977,0.124,3,3375388
5,52121569,2.8,1,3375413
5,52121577,8,1,3375414
11,52121578,0,,3375415
5,52128739,10.42,3,3375441
16,52128756,1,9,3375442
2,52128764,8.1,1,3375443
5,52128782,0.005,3,3375444
5,52134838,1.3,1,3375485
2,52134839,71.1,1,3375486
5,52136015,0.031,3,3375487
5,52136022,0.09,3,3375488
4,52136049,14.95,1,3375489
4,52121638,2,1,3375500
2,52134854,1,1,3375587
2,52134864,0.4,1,3375588
15,52254373,1,1,3379466
5,52254374,0.92,3,3379467
11,52240969,55,9,3379490
5,52249583,0.9,1,3379525
5,52254408,0.21,3,3379551
12,52254433,2.9,1,3379552
5,52254440,8.5,1,3379553
12,52254443,1.05,1,3379554
1,52254456,1.5,1,3379555
12,52254460,3.7,1,3379556
12,52254466,7,1,3379557
5,52249664,0.3,3,3379608
5,52249674,0.03,3,3379609
1,52254473,0.5,1,3379622
12,52254475,2.3,1,3379623
5,52313416,1.6,1,3383666
5,52313417,6,1,3383667
1,52306706,0.02,1,3383712
5,52311506,6,1,3383750
5,52311522,12.1,1,3383751
8,52311529,1.8,1,3383752
5,52295629,23.3,1,3383762
1,52295650,0.98,1,3383763
5,52300553,0.07,3,3383775
5,52301783,0.039,1,3383780
5,52301784,2.6,1,3383781
5,52305479,3.2,1,3383784
5,52305483,4.9,1,3383785
5,52310360,3.7,1,3383797
5,52296942,0.09,3,3383829
8,52300587,2,9,3383840
12,52300624,0.2,1,3383841
5,52301804,10.42,1,3383842
1,52301869,5.38,1,3383843
4,52308009,0.21,1,3383862
5,52308024,1.5,1,3383863
5,52310446,5.7,1,3383874
2,52310454,0.1,1,3383875
5,52310465,0.2,1,3383876
5,52310470,50,1,3383877
5,52313682,3.2,1,3383891
16,52313686,0.2,1,3383892
12,52297025,12.9,1,3383893
5,52300666,0.2,3,3383902
12,52300680,7,1,3383903
5,52300692,0.8,1,3383904
5,52301908,0.4,1,3383905
5,52426581,1,1,3387864
5,52428949,8.8,1,3387875
1,52428960,0.6,1,3387876
16,52428963,0.64,1,3387877
5,52428974,1,1,3387878
5,52428979,1.7,1,3387879
5,52428980,3,1,3387880
2,52428998,0.9,1,3387881
12,52429001,0.8,1,3387882
2,52429002,0.65,1,3387883
5,52429018,2.1,1,3387884
5,52429791,11.78,4,3387888
5,52429043,2.4,1,3387964
5,52429046,0.3,1,3387965
12,52429051,38.25,1,3387966
8,52429053,19.17,1,3387967
12,52429057,1.01,1,3387968
8,52429062,1.48,1,3387969
5,52429797,4,1,3387971
2,52414822,0.05,1,3387995
5,52414832,1,9,3387996
12,52414835,8.92,1,3387997
4,52414839,0.001,1,3387998
5,52414846,0.8,1,3387999
5,52414861,1.1,1,3388000
15,52492093,0.4,1,3392246
5,52492103,0.35,3,3392247
2,52493326,2.1,1,3392248
5,52493331,0.225,3,3392249
16,52493332,18.8,1,3392250
5,52493338,0.03,3,3392251
5,52493378,0.02,3,3392252
16,52501633,0.2,1,3392272
2,52492180,0.4,1,3392321
5,52493395,0.3,3,3392360
5,52493396,0.07,3,3392361
5,52494676,2.75,1,3392366
5,52502924,0.495,3,3392398
5,52502953,0.2,3,3392399
5,52502959,0.27,3,3392400
5,52507321,0.51,1,3392412
2,52507326,1.4,1,3392413
12,52494714,0.5,1,3392433
1,52497061,0.5,1,3392440
5,52497062,16.6,1,3392441
12,52497074,5.92,1,3392442
5,52499329,0.515,3,3392445
5,52499330,0.135,3,3392446
2,52499350,0.5,1,3392447
5,52499351,0.665,3,3392448
15,52499354,0.2,1,3392449
5,52499366,0.005,3,3392450
5,52499373,0.19,3,3392451
5,52502960,0.15,3,3392458
5,52503006,0.025,3,3392459
5,52491159,37.35,3,3392486
12,52494757,1.29,1,3392492
15,52494787,2.82,1,3392493
2,52494795,0.2,1,3392494
5,52494822,0.015,3,3392495
5,52494829,1.49,3,3392496
16,52494830,1.3,1,3392497
2,52497122,1.38,1,3392499
5,52497124,2.4,1,3392500
12,52497126,0.14,1,3392501
12,52497129,0.2,1,3392502
12,52497146,0.09,1,3392503
5,52497158,9.41,1,3392504
5,52497159,3,1,3392505
2,52497174,0.5,1,3392506
8,52576080,0.284,1,3396699
12,52576086,0.8,1,3396700
5,52576132,0.07,3,3396701
5,52577285,0.23,3,3396702
8,52577286,1.4,1,3396703
5,52577295,0.01,3,3396704
5,52577337,0.542,3,3396705
5,52577342,0.224,3,3396706
5,52577350,0.25,3,3396707
5,52570268,0.01,3,3396761
5,52570285,0.145,3,3396762
2,52570301,0.8,1,3396763
8,52571496,2,9,3396768
5,52577380,0.385,3,3396805
5,52577398,0.154,3,3396806
5,52577407,0.344,3,3396807
8,52577408,4,9,3396808
5,52577414,0.219,3,3396809
2,52566757,0.4,1,3396860
5,52575093,0.2,3,3396909
5,52575102,0.45,3,3396910
1,52575112,0.4,1,3396911
17,52575114,1,9,3396912
5,52575120,0.215,3,3396913
5,52575123,0.145,3,3396914
2,52575140,1.2,1,3396915
5,52508775,0.005,3,3401136
5,52508814,0.04,3,3401175
5,52508830,0.1,3,3401176
5,52597311,2.4,1,3405602
5,52597316,5.1,1,3405603
5,52597317,7.2,1,3405604
5,52597331,10.4,1,3405605
5,52603320,0.046,3,3405614
5,52603324,0.022,3,3405615
11,52603326,8,9,3405616
8,52603333,17,9,3405617
2,52603337,2.64,1,3405618
8,52603349,20,9,3405619
5,52603360,0.078,3,3405620
5,52592444,1.1,1,3405645
5,52592453,15.2,1,3405646
5,52592472,1.8,1,3405647
5,52597345,6,1,3405655
5,52597364,2.2,1,3405656
1,52597452,1.7,1,3405740
12,52597461,3.25,1,3405741
5,52597474,0.27,3,3405742
5,52597490,0.721,3,3405743
5,52597493,1,11,3405744
1,52599893,2.2,1,3405760
5,52599902,0.03,3,3405761
5,52603512,4.1,1,3405783
5,52603517,0.5,1,3405784
5,52604227,36.3,1,3405787
5,52604237,13,1,3405788
5,52604252,2.8,1,3405789
5,52604263,2.9,1,3405790
16,52604265,15,1,3405791
12,52179613,0.89,1,3371183
5,52186785,0.036,3,3371206
5,52186816,0.031,3,3371207
2,52192702,20.38,1,3371233
5,52179686,0.015,3,3371263
5,52186850,0.012,3,3371294
5,52186886,1.216,3,3371295
16,52186889,1.64,1,3371296
16,52190393,15,9,3371312
5,52193984,0.011,3,3371323
5,52194019,0.432,3,3371324
2,52194025,2.1,1,3371325
4,52194027,7.2,1,3371326
5,52190395,0.25,3,3371390
2,52190412,1,1,3371391
5,52194043,1.6,3,3371411
16,52134869,0.011,1,3375589
5,52134916,0.067,3,3375590
5,52136120,0.25,3,3375594
4,52138510,0.9,1,3375602
5,52121685,0.385,3,3375609
5,52122873,0.57,3,3375611
12,52131291,14.7,1,3375661
5,52134936,0.12,3,3375681
5,52134992,0.35,3,3375682
5,52134993,2.7,1,3375683
12,52136152,42.8,1,3375684
5,52136153,4,1,3375685
2,52122937,0.003,1,3375704
5,52122979,17,1,3375705
16,52123002,0.039,1,3375706
5,52124196,0.1,1,3375710
12,52127786,7.3,1,3375742
5,52128965,0.5,3,3375745
5,52128968,0.126,3,3375746
16,52128980,28.17,1,3375747
2,52131362,16,1,3375754
2,52131369,6.8,1,3375755
5,52131391,1.19,3,3375756
12,52132665,1.3,1,3375777
5,52135007,0.204,3,3375791
12,52138628,0.18,1,3375815
5,52138656,0.415,3,3375816
2,52138690,7.2,1,3375817
5,52139436,0.1,1,3375818
12,52139459,0.1,1,3375819
5,52124222,1,3,3375835
5,52253435,0.09,3,3379819
16,52253452,65,5,3379820
5,52248636,0.322,3,3379898
2,52248637,14.79,1,3379899
5,52248647,0.211,3,3379900
5,52253505,0.03,3,3379920
8,52253532,1,9,3379921
5,52253536,0.4,3,3379922
5,52308107,0.46,3,3383928
12,52308138,0.82,1,3383929
16,52310497,1.8,1,3383952
5,52310509,0.6,1,3383953
5,52310518,1.3,1,3383954
5,52310548,3.7,1,3383955
5,52310561,2.69,3,3383956
8,52312967,4.7,1,3383962
5,52312989,3,1,3383963
5,52313009,1.3,1,3383964
5,52297069,0.05,1,3383983
1,52297087,0.28,1,3383984
5,52308153,0.32,1,3384023
12,52310594,1.9,1,3384029
5,52310621,8.2,1,3384030
5,52310631,0.6,1,3384031
5,52313049,3.3,1,3384034
5,52313083,3.6,1,3384035
5,52313850,47.27,1,3384037
5,52313856,5,1,3384038
2,52297192,1.02,1,3384048
5,52297197,1.6,1,3384049
5,52314329,2,1,3384110
5,52314341,2.3,1,3384111
12,52315554,0.15,1,3384117
12,52315574,0.11,1,3384118
8,52324167,4.68,1,3384152
8,52427906,2.33,1,3388063
1,52427936,25.26,1,3388064
5,52427937,4.6,1,3388065
5,52427939,1.5,1,3388066
5,52427940,65.57,1,3388067
5,52427949,1.5,1,3388068
5,52427953,2,1,3388069
5,52429919,34.85,1,3388078
5,52429920,426,1,3388079
1,52414864,10.12,1,3388093
5,52414865,0.9,1,3388094
5,52414871,2.33,1,3388095
12,52414874,1.64,1,3388096
2,52414875,0.01,1,3388097
5,52414881,2,1,3388098
1,52414884,0.03,1,3388099
5,52414933,7.7,1,3388100
5,52491207,5.42,1,3392544
5,52491213,3.6,1,3392545
1,52491223,7.76,1,3392546
1,52491224,0.2,1,3392547
12,52491233,0.001,1,3392548
12,52492447,2.6,1,3392552
16,52492455,30,9,3392553
15,52491254,1.84,1,3392618
5,52492484,0.345,3,3392620
5,52492517,0.185,3,3392621
8,52492523,1,9,3392622
5,52464633,6,1,3392642
1,52464634,16,1,3392643
5,52464649,1.9,3,3392644
5,52459773,2,3,3392689
5,52464665,2.5,1,3392707
5,52464667,1.3,1,3392708
8,52464673,10.45,1,3392709
15,52464693,0.92,1,3392710
5,52464709,2,1,3392711
12,52459791,0.53,1,3392758
5,52459806,6.1,1,3392759
5,52459808,4,1,3392760
5,52459812,5.1,1,3392761
5,52459817,1.27,4,3392762
5,52459818,6.7,1,3392763
5,52459821,4,1,3392764
5,52459822,1.6,1,3392765
4,52566768,12.5,1,3396983
5,52566769,0.655,3,3396984
5,52566770,0.525,3,3396985
2,52566816,0.5,1,3396986
12,52566826,6.8,1,3396987
5,52566828,0.69,3,3396988
5,52575162,0.18,3,3397055
8,52575164,34.7,1,3397056
5,52583603,0.17,3,3397089
5,52583606,0.045,3,3397090
12,52583620,14.4,1,3397091
5,52583651,0.25,3,3397092
2,52583658,0.001,3,3397093
5,52583672,0.29,3,3397094
5,52566836,0.135,3,3397096
2,52566857,0.2,1,3397097
5,52569288,0.06,3,3397107
5,52569295,3.71,3,3397108
8,52569336,22.93,1,3397109
5,52569341,4.06,3,3397110
5,52576410,0.04,3,3397141
1,52576411,1,1,3397142
5,52583680,0.08,3,3397159
5,52569361,0.265,3,3397185
5,52569388,0.085,3,3397186
8,52569402,0.06,1,3397187
5,52576463,0.185,3,3397216
5,52576470,0.435,3,3397217
8,52576499,0.01,1,3397218
2,52509152,1.6,1,3401404
2,52509164,0.2,1,3401405
2,52509165,0.2,1,3401406
5,52604969,0.317,3,3401520
5,52604982,0.072,3,3401521
16,52604986,2.75,9,3401522
16,52604991,1,9,3401523
5,52605001,0.093,3,3401524
8,52605006,4,9,3401525
5,52597509,3.628,3,3405825
16,52597516,13,9,3405826
5,52597527,0.075,3,3405827
5,52601160,1.6,1,3405835
5,52601199,13.5,1,3405836
12,52604296,0.2,1,3405846
5,52604329,2.9,1,3405847
16,52591491,6,9,3405880
5,52591494,0.026,3,3405881
5,52591496,0.026,3,3405882
1,52601215,0.2,1,3405906
4,52591537,0.9,1,3405963
5,52591539,0.18,3,3405964
4,52591545,0.32,1,3405965
5,52591546,0.132,3,3405966
16,52591598,1,1,3405967
5,52602547,0.247,3,3406010
5,52602557,0.017,3,3406011
5,52602558,0.025,3,3406012
5,52591606,5.7,1,3406083
12,52591614,0,1,3406084
12,52591616,23,9,3406085
2,52190483,3.6,1,3371479
5,52191716,0.122,3,3371482
5,52191740,0.247,3,3371483
16,52182309,3.91,1,3371518
2,52158374,9,1,3371630
2,52158381,0.28,1,3371631
16,52140063,2,9,3371632
2,52140077,6.05,1,3371633
3,52140078,54.15,1,3371634
8,52143747,1.09,1,3371645
5,52153587,0.13,3,3371720
5,52156015,0.95,3,3371728
1,52157223,0.37,1,3371731
2,52157225,1.89,1,3371732
4,52158417,4.4,1,3371733
5,52158423,0.635,3,3371734
5,52127813,0.044,3,3375864
5,52127822,0.03,3,3375865
5,52129025,0.78,3,3375867
2,52131417,0.25,1,3375880
5,52131427,0.1,1,3375881
2,52135098,5.9,1,3375918
2,52135107,0.95,1,3375919
5,52135147,0.053,3,3375920
5,52138711,0.884,3,3375929
5,52139520,0.165,3,3375939
5,52125538,0.099,3,3375956
2,52125550,1.5,1,3375957
5,52125551,0.1,1,3375958
16,52129111,6.9,1,3375975
5,52268052,0.075,1,3375994
8,52268078,0.9,1,3375995
5,52268083,0.16,3,3375996
12,52272909,0.3,1,3376007
5,52272915,3.335,4,3376008
5,52272927,0.6,3,3376009
12,52272935,0.4,1,3376010
5,52217312,0.102,3,3376022
12,52217331,14.99,1,3376023
5,52217332,6.08,1,3376024
5,52262234,0.53,1,3376054
2,52208856,0.13,1,3380279
11,52208857,169,9,3380280
16,52208870,3.23,1,3380281
5,52318091,7.8,1,3384233
5,52318092,2.6,1,3384234
5,52318134,2,1,3384235
5,52324228,62.3,1,3384261
5,52324273,7.1,1,3384262
5,52316976,6.8,1,3384297
5,52317004,1.6,1,3384298
5,52318188,2.8,1,3384299
5,52324275,1.1,1,3384327
12,52314592,0.03,1,3384383
8,52314604,0.27,1,3384384
5,52314616,4.6,1,3384385
5,52317020,0.9,1,3384388
5,52317028,1.7,1,3384389
8,52317076,6,9,3384390
5,52576508,0.83,3,3397219
5,52582635,0.23,3,3397317
12,52582641,0.9,1,3397318
5,52582651,0.78,3,3397319
2,52575452,0.1,1,3397400
2,52575463,0.4,1,3397401
5,52575465,0.57,3,3397402
1,52575506,0.5,1,3397403
5,52575515,0.56,3,3397404
5,52582707,0.11,3,3397424
5,52582708,1.345,3,3397425
1,52582711,0.4,1,3397426
5,52582727,0.015,3,3397427
2,52582734,0.4,1,3397428
5,52582739,0.12,3,3397429
2,52158424,187.5,1,3371735
5,52142599,0.387,3,3371745
12,52142600,0.72,1,3371746
5,52142634,0.183,3,3371747
5,52142636,1.4,1,3371748
5,52142639,2.73,3,3371749
5,52143791,0.1,1,3371750
1,52143827,3.49,1,3371751
5,52143832,0.168,3,3371752
5,52146268,0.015,3,3371755
5,52146294,0.5,3,3371756
5,52149889,0.1,1,3371765
16,52149890,130.11,1,3371766
12,52149929,0.33,1,3371767
5,52151216,0.119,3,3371770
5,52151250,5.29,1,3371771
5,52151251,15.2,1,3371772
16,52156041,0.88,1,3371800
16,52142648,1,9,3371828
5,52142684,0.045,3,3371829
2,52142699,7.61,1,3371830
4,52148781,0.01,1,3371852
12,52148790,0.59,1,3371853
5,52148800,1.74,3,3371854
12,52150020,0.2,1,3371855
12,52150021,1.52,1,3371856
5,52151273,0.07,3,3371857
11,52151303,20,9,3371858
11,52151304,2.05,1,3371859
5,52151306,0.061,3,3371860
5,52151316,4.02,3,3371861
5,52151320,0.045,3,3371862
16,52151321,370,1,3371863
16,52159242,3,9,3371897
5,52159263,0.2,3,3371898
8,52159274,43,1,3371899
5,52159278,0.25,3,3371900
5,52142742,0.043,3,3371914
5,52142794,0.1,1,3371918
5,52148839,0.223,3,3371948
5,52148842,1.03,3,3371949
5,52148843,0.268,3,3371950
5,52148884,0.16,3,3371951
4,52153783,2.2,1,3371972
4,52153814,1.9,1,3371973
12,52262310,28.9,1,3376165
5,52270667,0.23,3,3376216
5,52270668,0.123,3,3376217
2,52270670,14.93,1,3376218
2,52270671,1.1,1,3376219
4,52270693,1.6,1,3376220
5,52270712,0.033,3,3376221
5,52274914,1.8,1,3376237
2,52274944,1.9,1,3376238
5,52274947,0.16,3,3376239
1,52261163,0.8,1,3376276
16,52261173,0,,3376277
8,52261192,10,9,3376278
16,52261200,1,1,3376279
5,52261202,0.21,3,3376280
12,52261212,4.9,1,3376281
8,52261213,1,9,3376282
5,52262417,0.162,3,3376284
2,52262431,0.01,1,3376285
5,52268285,8.4,3,3376299
5,52269534,0.02,3,3376305
5,52271977,0.065,3,3376314
1,52261236,1,1,3376355
5,52261273,0.72,3,3376356
2,52261279,29,1,3376357
5,52262466,20.864,3,3376358
5,52262481,0.03,3,3376359
5,52267136,0.2,3,3376376
15,52267175,1,9,3376377
5,52268399,0.4,3,3376378
2,52269599,0.5,1,3376385
5,52269607,0.33,3,3376386
12,52269621,1.3,1,3376387
12,52269633,2,1,3376388
5,52273246,0.58,3,3376412
5,52273260,0.4,3,3376413
5,52273264,0.19,3,3376414
11,52205174,25,9,3380339
5,52205182,0.624,3,3380340
5,52212649,0.13,3,3380460
11,52212650,50,9,3380461
4,52212660,0.66,1,3380462
16,52201662,19.7,1,3380491
2,52201664,14,1,3380492
12,52201680,0.37,1,3380493
16,52201692,1,9,3380494
2,52201709,27.5,1,3380495
4,52202896,28.1,1,3380500
5,52202897,0.114,3,3380501
5,52205323,7.8,3,3380512
5,52205324,1.527,3,3380513
2,52205356,29.6,1,3380514
5,52205398,1.861,3,3380515
5,52206580,0.043,3,3380516
5,52207765,0.048,3,3380517
2,52314630,1.57,1,3384461
5,52314657,0.3,1,3384462
5,52314671,10.05,1,3384463
5,52320898,2.1,1,3384566
5,52323346,10.24,1,3384572
5,52318485,0.4,1,3384632
2,52318518,12.09,1,3384633
2,52320941,0.22,1,3384647
5,52323377,1,1,3384654
5,52461633,2,1,3393341
1,52461653,0.001,1,3393342
16,52575540,0.6,1,3397500
5,52575587,0.045,3,3397501
2,52573359,0.4,1,3397554
5,52573362,0.015,3,3397555
5,52573363,0.07,3,3397556
5,52573372,0.07,3,3397557
1,52573383,0.4,1,3397558
5,52575606,0.04,3,3397567
5,52575637,0.04,3,3397568
5,52574617,0.09,3,3397756
5,52574639,0.985,3,3397757
2,52574655,0.1,1,3397758
5,52574685,0.23,3,3397759
5,52575827,0.35,3,3397760
5,52094522,0.025,1,3367727
5,52094532,5,1,3367728
5,52094534,1,1,3367729
5,52101215,0.34,3,3367756
5,52101243,0.99,3,3367757
5,52145273,5.55,3,3372012
8,52145307,40,9,3372013
5,52148906,1.176,3,3372021
5,52148919,0.1,3,3372022
5,52148920,0.907,3,3372023
5,52151459,3.67,3,3372028
5,52151477,16.6,3,3372029
5,52153850,0.035,3,3372034
12,52153859,0.03,1,3372035
5,52153883,2.34,3,3372036
12,52153895,0.01,1,3372037
5,52155115,0.2,3,3372039
2,52157495,0.55,1,3372043
2,52157522,0.3,1,3372044
4,52157526,6.9,1,3372045
5,52145329,0.05,3,3372077
5,52145331,0.1,1,3372078
17,52148995,1.35,1,3372091
5,52149008,0.023,3,3372092
5,52149040,0.05,3,3372093
2,52151488,3.8,1,3372100
5,52153950,0.95,3,3372115
2,52155142,0.3,1,3372116
16,52155143,0.32,1,3372117
5,52155151,0.121,3,3372118
5,52144184,24.9,1,3372154
5,52144189,1.3,1,3372155
1,52144202,0.002,1,3372156
5,52147867,0.21,3,3372165
5,52147877,0.304,3,3372166
5,52150302,0.083,1,3372178
5,52150310,0.112,3,3372179
8,52153994,35.55,1,3372192
5,52153996,7.495,3,3372193
2,52153997,4.65,1,3372194
5,52154001,0.2,1,3372195
5,52154034,0.05,3,3372196
5,52154047,0.3,3,3372197
5,52143078,11.2,1,3372243
8,52143090,7.82,1,3372244
5,52144248,0.033,3,3372245
2,52144265,2.3,1,3372246
5,52144268,0.45,3,3372247
12,52144279,1.7,1,3372248
5,52149194,0.39,3,3372261
2,52150371,0.13,1,3372262
5,52150409,0.175,3,3372263
5,52152845,0.175,3,3372270
17,52152847,3,9,3372271
2,52152895,1.39,1,3372272
5,52257707,1,1,3376439
5,52261337,0.121,3,3376450
5,52261344,0.817,3,3376451
12,52266014,400,1,3376470
5,52266022,19048,3,3376471
5,52273283,0.2,3,3376509
2,52273330,2.6,1,3376510
5,52261421,1.57,3,3376545
2,52261422,0.14,1,3376546
2,52269799,6.5,1,3376576
5,52269803,0.458,3,3376577
8,52274958,1,9,3376606
5,52274970,6.4,1,3376607
5,52261466,0.093,3,3376638
5,52261467,0.095,3,3376639
12,52261480,27.3,1,3376640
5,52261497,0.269,3,3376641
5,52261516,0.33,3,3376642
5,52261535,0.07,3,3376643
12,52262697,12.2,1,3376644
2,52262700,4.1,1,3376645
5,52266161,2.6,1,3376663
11,52266162,0.2,1,3376664
5,52266163,0.17,3,3376665
16,52266185,2,9,3376666
16,52266187,14,9,3376667
8,52266194,1,9,3376668
5,52266197,0.17,3,3376669
5,52266200,0.2,3,3376670
5,52267370,0.005,3,3376671
2,52267404,83.77,1,3376672
8,52267414,4.98,1,3376673
5,52267421,0.99,3,3376674
5,52269846,0.12,3,3376680
4,52199381,4.95,1,3380578
5,52201737,1.044,3,3380583
4,52203004,0.49,1,3380587
5,52203005,6.31,4,3380588
2,52203006,0.54,1,3380589
5,52205433,0.6,3,3380595
5,52206627,1.342,3,3380598
2,52206661,0.16,1,3380599
5,52203030,0.198,3,3380673
2,52204260,1.6,1,3380679
17,52204279,21,9,3380680
5,52211690,3.492,3,3380814
5,52211691,0.11,3,3380815
5,52211702,0.3,3,3380816
2,52198407,148.2,1,3380839
5,52328453,104.2,1,3384747
4,52319894,0.16,1,3384786
12,52319897,1,1,3384787
2,52328469,1.3,1,3384815
5,52328478,2.7,1,3384816
5,52328505,8.4,1,3384817
5,52328509,20.8,1,3384818
16,52328513,0.9,1,3384819
5,52328518,4.5,1,3384820
5,52328519,1.4,1,3384821
5,52317520,1,1,3384852
5,52317525,0.2,1,3384853
12,52317545,0.18,1,3384854
5,52317546,0.4,1,3384855
4,52319918,3.2,1,3384857
5,52328550,4.7,1,3384881
5,52328557,13,1,3384882
5,52317580,5.2,1,3384934
8,52317583,0.32,1,3384935
5,52317606,2.6,1,3384936
5,52317608,0.9,1,3384937
5,52319999,0.09,1,3384940
5,52320012,6.8,1,3384941
5,52332311,1,1,3384995
5,52316392,3.7,1,3385008
5,52317639,0.268,3,3385009
5,52584962,0.045,3,3397779
5,52584968,0.19,3,3397780
1,52572355,0.1,1,3397800
5,52572394,0.08,3,3397801
2,52574696,0.3,1,3397803
5,52574712,0.89,3,3397804
5,52574736,0.03,3,3397805
5,52578257,0.035,3,3397818
5,52578263,0.072,3,3397819
1,52585030,0.4,1,3397833
5,52585031,0.08,3,3397834
12,52585036,0.3,1,3397835
1,52572403,1,9,3397865
1,52572404,1,1,3397866
5,52572407,0.13,3,3397867
2,52572412,0.2,1,3397868
1,52572417,1.5,1,3397869
5,52572425,4.06,3,3397870
12,52572426,4.6,1,3397871
12,52572431,0.1,1,3397872
1,52572453,0.9,1,3397873
2,52572454,0.1,1,3397874
5,52574769,0.03,3,3397876
1,52574797,0.6,1,3397877
5,52574822,0.245,3,3397878
5,52574824,0.2,3,3397879
12,52574828,2.1,1,3397880
2,52578273,1,11,3397911
5,52578278,0.565,3,3397912
8,52578288,8,9,3397913
1,52538665,0.5,1,3398025
15,52538677,1,1,3398026
2,52088627,0.5,1,3367959
16,52088637,0.067,1,3367960
5,52101277,0.674,3,3368094
8,52101279,4,1,3368095
5,52156541,0.14,3,3372312
5,52156548,23.7,4,3372313
5,52157701,0.225,3,3372314
5,52157754,0.58,3,3372315
5,52158837,0.049,3,3372322
5,52147986,0.07,3,3372363
12,52147999,13.95,1,3372364
12,52148031,2.24,1,3372365
5,52149211,2.95,3,3372366
11,52149227,2.49,1,3372367
5,52149276,0.17,3,3372368
5,52150438,0.102,3,3372369
5,52150447,29.6,4,3372370
5,52150463,2.2,1,3372371
2,52150489,0.9,1,3372372
5,52154191,0.22,3,3372383
2,52154195,5.43,1,3372384
5,52157808,0.057,3,3372390
2,52157815,0.2,1,3372391
4,52159054,0.07,1,3372398
5,52144453,0.019,3,3372432
16,52148041,19.9,1,3372446
5,52149305,0.016,3,3372452
16,52150503,6,9,3372454
16,52150532,230.7,1,3372455
12,52150534,0.06,1,3372456
2,52153021,55,1,3372459
2,52153051,0.58,1,3372460
4,52154223,0.5,1,3372461
5,52154224,0.2,3,3372462
5,52154226,0.05,3,3372463
5,52155465,0.261,3,3372467
4,52157868,0.19,1,3372475
2,52157877,1.4,1,3372476
5,52157879,0.19,3,3372477
2,52157908,2.69,1,3372478
12,52159117,2,1,3372479
5,52159133,16.08,3,3372480
5,52142041,0.085,3,3372488
5,52142070,0.122,3,3372489
2,52142072,0.16,1,3372490
11,52142090,0.175,1,3372491
5,52143282,0.359,3,3372492
5,52143286,0.123,3,3372493
5,52144481,0.212,3,3372495
12,52144546,1.59,1,3372496
5,52144548,1.94,3,3372497
2,52150584,7.4,1,3372513
1,52150614,0.92,1,3372514
5,52150615,0,,3372515
5,52150616,0.423,3,3372516
5,52153071,0.18,3,3372526
5,52157964,0.422,3,3372551
5,52272292,0.2,3,3376697
2,52265075,59,1,3376754
5,52265100,0.2,3,3376755
15,52266208,0.6,1,3376756
5,52266256,1.5,3,3376757
5,52266258,0.43,3,3376758
5,52266268,0.04,3,3376759
8,52267456,3,9,3376760
5,52272324,1,3,3376781
5,52256772,15.98,3,3376796
17,52260417,7.7,1,3376811
15,52272390,1,9,3376856
5,52272397,0.15,3,3376857
5,52272414,0.06,3,3376858
2,52273645,1.67,1,3376867
5,52261735,0.051,3,3376884
16,52268847,1.11,1,3376917
5,52202020,0.165,3,3380857
5,52202032,0.068,3,3380858
5,52204401,0.34,3,3380862
5,52205689,0.11,3,3380874
2,52211772,0.212,1,3380901
4,52198431,0.17,1,3380929
5,52198471,0.179,3,3380930
5,52198477,0.53,3,3380931
5,52202036,0.24,3,3380937
2,52204478,0.65,1,3380947
8,52205702,0.065,1,3380952
5,52198510,0.03,3,3381024
5,52198516,0.151,3,3381025
5,52198529,0.37,3,3381026
5,52216338,0.236,3,3381094
5,52203459,0.09,3,3381116
5,52317648,1.5,1,3385010
12,52327532,0.99,1,3385037
5,52332315,11.8,1,3385063
5,52332331,3.4,1,3385064
5,52332344,4.6,1,3385065
5,52332358,14.4,4,3385066
5,52332372,4.4,1,3385067
5,52332396,3,1,3385164
1,52332402,9.7,1,3385165
5,52332404,4.4,1,3385166
5,52332407,22.8,1,3385167
5,52332412,1.8,1,3385168
5,52325143,12.8,1,3385213
5,52325152,4.4,1,3385214
5,52325156,3.9,1,3385215
16,52333259,1033.3,1,3385245
16,52333262,16.9,1,3385246
2,52333275,7.5,1,3385247
12,52333279,53.1,1,3385248
16,52315418,2.2,1,3385249
5,52315420,8.4,1,3385250
12,52316667,0.68,1,3385252
5,52319095,0.8,1,3385257
5,52319127,3.9,1,3385258
12,52320339,6.57,1,3385260
5,52409142,12.4,1,3389338
5,52409149,15,1,3389339
14,52409163,2,1,3389340
5,52410944,5,1,3389342
5,52410962,1,1,3389343
5,52410965,16,1,3389344
5,52410967,11,1,3389345
2,52410982,1.81,1,3389346
1,52465556,0.66,1,3393626
2,52465557,0.001,1,3393627
12,52465565,0.01,1,3393628
5,52465569,7,1,3393629
5,52460660,1,3,3393677
16,52460662,1.38,1,3393678
5,52460682,6.1,1,3393679
5,52460689,3,1,3393680
12,52465614,0.05,1,3393693
5,52465632,1,1,3393694
5,52465641,0.9,1,3393695
5,52465643,16.9,1,3393696
5,52460699,1,10,3393754
5,52460720,61,1,3393755
5,52460721,4,1,3393756
5,52460734,0.8,1,3393757
5,52460758,4.3,1,3393758
11,52465668,0.9,1,3393772
12,52460797,0.05,1,3393830
12,52533797,0.06,1,3398105
1,52533804,12.2,1,3398106
12,52533827,0.5,1,3398107
5,52533836,0.015,3,3398108
1,52542546,0.5,1,3398253
5,52542553,8.97,3,3398254
8,52542557,0.2,1,3398255
2,52532786,5.5,1,3398283
5,52532816,0.105,3,3398284
12,52532820,0.7,1,3398285
5,52537666,1.935,3,3398295
1,52537672,1.5,1,3398296
1,52537674,0.2,1,3398297
12,52537683,1,9,3398298
5,52542616,0.025,3,3398311
2,52542624,0.4,1,3398312
5,52542644,0.24,3,3398313
3,52618335,13.4,1,3402599
5,52618336,8.5,1,3402600
5,52618354,10,1,3402601
12,52618355,0.6,1,3402602
15,52618356,0.9,1,3402603
5,52618386,31.3,1,3402604
5,52607526,233.3,1,3402627
5,52611064,4.1,1,3402635
5,52611069,121,1,3402636
5,52618395,2.9,1,3402667
5,52618402,2,1,3402668
5,52618403,9.5,1,3402669
15,52618466,1.8,1,3402670
15,52618467,1,9,3402671
5,52623285,47,1,3402686
5,52607541,3.9,1,3402712
5,52607559,0,1,3402713
12,52607576,1,1,3402714
5,52607599,0,1,3402715
8,52607603,3,1,3402716
2,52611148,2.2,1,3402719
5,52611174,0.283,3,3402720
8,52611188,49,9,3402721
5,52611197,0.205,3,3402722
5,52611203,0.158,3,3402723
5,52611205,0.001,3,3402724
5,52611210,0.57,3,3402725
5,52617275,39.8,1,3402741
5,52617309,5.3,3,3402742
12,52618471,0.5,1,3402743
12,52618474,1,1,3402744
5,52618480,10.1,1,3402745
4,52618501,1.7,1,3402746
12,52618507,0.9,1,3402747
5,52618518,23,1,3402748
1,52618530,0.02,1,3402749
2,52087735,4.6,1,3368296
2,52087741,15.2,1,3368297
1,52087747,5,1,3368298
2,52087755,0.004,1,3368299
5,52087770,62,1,3368300
2,52140931,0.61,1,3372571
5,52140932,0.038,3,3372572
2,52142115,1.96,1,3372573
5,52142136,3.56,3,3372574
5,52148237,0.188,3,3372586
5,52148251,0.046,3,3372587
12,52148252,3.6,1,3372588
5,52148265,0.1,1,3372589
16,52153211,23.3,1,3372622
5,52140969,0.031,3,3372675
2,52143481,0.15,1,3372688
5,52148280,1.36,3,3372704
5,52148285,0.15,3,3372705
5,52148300,0.016,3,3372706
5,52148303,6.9,3,3372707
5,52148319,0.158,3,3372708
2,52148320,1.07,1,3372709
8,52153234,100,9,3372729
5,52153239,2.06,1,3372730
5,52153260,0.05,3,3372731
12,52153268,1.47,1,3372732
5,52153288,0.056,3,3372733
12,52153290,37.7,1,3372734
12,52154474,3.36,1,3372736
8,52154488,7.16,1,3372737
2,52154490,0.5,1,3372738
5,52154500,0.886,3,3372739
2,52158118,0.76,1,3372751
4,52158119,2.3,1,3372752
5,52158145,0.034,3,3372753
5,52141051,0.142,3,3372762
16,52143498,7,9,3372768
5,52143521,0.15,3,3372769
17,52143530,0.24,1,3372770
5,52149602,3.794,3,3372785
5,52149614,3.98,1,3372786
5,52153291,0.26,3,3372794
5,52153307,0.82,3,3372795
5,52153312,0.168,3,3372796
2,52154530,1.2,1,3372800
8,52154547,50,9,3372801
5,52154552,0.195,3,3372802
5,52158167,0.724,3,3372812
11,52158170,4,9,3372813
5,52158200,8.98,3,3372814
4,52158699,3.06,1,3372815
2,52158720,1.93,1,3372816
16,52158722,0.24,1,3372817
2,52158740,3.2,1,3372818
5,52158744,0.1,3,3372819
5,52158758,0.159,3,3372820
5,52143572,1.096,3,3372824
5,52143574,0.499,3,3372825
5,52143622,0.094,3,3372826
2,52143623,0.05,1,3372827
17,52261775,2,9,3376981
5,52264141,2.53,1,3376990
5,52264150,2.75,1,3376991
2,52264182,1.59,1,3376992
12,52266497,0.84,1,3376998
5,52268900,0.019,3,3377008
1,52268907,6.79,1,3377009
5,52268950,0.2,3,3377010
2,52268955,2.7,1,3377011
8,52268960,2.09,1,3377012
2,52274496,29.5,1,3377048
12,52274550,6.4,1,3377049
5,52266561,0.13,3,3377082
5,52273844,9.6,1,3377104
5,52273941,0.11,3,3377188
5,52260814,1.323,3,3377209
5,52260834,21.1,1,3377210
5,52260839,0.148,3,3377211
5,52265581,0.087,3,3377226
2,52267941,29,1,3377234
5,52212067,0.275,3,3381152
5,52216372,0.164,3,3381178
2,52216423,4.9,1,3381179
5,52216435,12.6,1,3381180
2,52204742,0.24,1,3381212
5,52204762,0.007,3,3381213
5,52212088,0.53,3,3381250
5,52212125,0.24,3,3381251
5,52216441,0.134,3,3381269
5,52203570,0.239,3,3381302
16,52204789,0.25,1,3381306
5,52209720,0.135,3,3381319
5,52209737,0.371,3,3381320
5,52209756,2.5,3,3381321
5,52206134,0.442,3,3381383
8,52333333,5,9,3385326
12,52333361,13.5,1,3385327
12,52333364,29.9,1,3385328
2,52315494,0.09,1,3385330
5,52317951,21.8,1,3385334
8,52320386,0.48,1,3385345
2,52292289,0.16,1,3385384
5,52293515,0.46,3,3385391
5,52293528,0.395,3,3385392
12,52275403,0.6,1,3385393
5,52276596,0.1,3,3385396
5,52277772,4.9,1,3385397
8,52277791,9.6,1,3385398
5,52277795,1.5,1,3385399
12,52280164,0.01,1,3385409
2,52280169,2,1,3385410
5,52280187,1,1,3385411
5,52280194,6,1,3385412
8,52282584,0.32,1,3385422
1,52285034,2,1,3385429
5,52288760,1,3,3385444
1,52288782,2.4,1,3385445
5,52288801,0.1,3,3385446
12,52290019,0.4,1,3385451
5,52275406,0.23,3,3385461
5,52275411,0.62,3,3385462
17,52275416,1,9,3385463
2,52275440,6,9,3385464
5,52275450,9.4,1,3385465
5,52275466,0.03,3,3385466
8,52275479,1,9,3385467
12,52276651,4,9,3385468
8,52279067,83,1,3385491
5,52280250,2.6,1,3385492
5,52280254,0.1,3,3385493
5,52280286,2.6,1,3385494
5,52282665,0.11,3,3385500
2,52282667,0.1,1,3385501
5,52285154,6.5,1,3385508
11,52285159,101.8,1,3385509
5,52285168,1.4,1,3385510
5,52288825,0.11,3,3385512
5,52288832,0.065,3,3385513
5,52288833,0.16,3,3385514
5,52288848,0.35,3,3385515
5,52288867,0.035,3,3385516
12,52290033,0.6,1,3385517
5,52290065,0.4,1,3385518
5,52290072,0.81,3,3385519
1,52290079,0.04,1,3385520
5,52291277,5.2,1,3385527
2,52291293,0.7,1,3385528
12,52291302,0.02,1,3385529
12,52275495,1.5,1,3385534
5,52275496,0.17,3,3385535
5,52275501,0.15,3,3385536
8,52277898,33,9,3385543
5,52277901,5.5,1,3385544
5,52277925,10,4,3385545
16,52277930,18,9,3385546
5,52277954,0.21,3,3385547
5,52277955,0.01,3,3385548
15,52279161,16,9,3385549
12,52279163,1,1,3385550
5,52407128,4.7,1,3389661
5,52407139,5.5,1,3389662
2,52407153,0.02,1,3389663
5,52407163,0.001,1,3389664
5,52407182,117.22,1,3389721
5,52407190,6.59,1,3389722
5,52407194,7,1,3389723
5,52407208,2.8,1,3389724
12,52407215,0.51,1,3389725
5,52407227,6,1,3389726
5,52407240,0.25,1,3389727
5,52481702,3,1,3393918
5,52481705,3.6,1,3393919
5,52485393,0.4,1,3393940
5,52485398,4.9,1,3393941
5,52486547,7.7,1,3393942
1,52486557,2.37,1,3393943
5,52486558,0.17,1,3393944
16,52486570,1.28,1,3393945
1,52486571,0.82,1,3393946
2,52486572,0.24,1,3393947
11,52486616,6,1,3393948
5,52486617,3,1,3393949
5,52476846,195.93,1,3393966
5,52476856,0.2,1,3393967
8,52476863,3.63,1,3393968
12,52479291,0.4,1,3393975
12,52479317,3.4,1,3393976
5,52479320,0.045,3,3393977
15,52479343,1.7,1,3393978
5,52479353,0.08,3,3393979
5,52483063,4,1,3393996
5,52483071,0.1,1,3393997
5,52483076,4.4,1,3393998
5,52485421,0.08,3,3394001
5,52485435,1,1,3394002
8,52485443,1.59,1,3394003
5,52485445,0.2,3,3394004
8,52485460,3.69,1,3394005
2,52485462,0.04,1,3394006
8,52486639,10.5,1,3394007
5,52486640,0.7,1,3394008
1,52486658,0.4,1,3394009
5,52486659,1.27,1,3394010
5,52486660,4.2,1,3394011
5,52479379,0.08,3,3394039
5,52479395,1,1,3394040
12,52479407,1,1,3394041
16,52479408,2.6,1,3394042
1,52480657,0.3,1,3394051
5,52480674,0.5,3,3394052
16,52480704,0.07,1,3394053
16,52483105,0.39,1,3394069
5,52483113,8,1,3394070
5,52483116,0.001,1,3394071
1,52483117,0.2,1,3394072
5,52483120,1.8,1,3394073
12,52483134,0.03,1,3394074
5,52483140,2.6,1,3394075
1,52483146,0.5,1,3394076
2,52485495,0.001,1,3394080
2,52475824,0.001,1,3394106
1,52475829,0.2,1,3394107
5,52475831,6.6,1,3394108
16,52480710,0.25,1,3394135
5,52480716,1.1,1,3394136
12,52480724,0.28,1,3394137
5,52480750,4.6,1,3394138
16,52483152,0.14,1,3394145
1,52483158,0.04,1,3394146
5,52483161,5,1,3394147
1,52483172,0.12,1,3394148
5,52473428,1.5,1,3394159
8,52473429,3,9,3394160
5,52473440,2,1,3394161
5,52473464,6.7,1,3394162
5,52473469,9.9,1,3394163
2,52475856,0.28,1,3394169
2,52475859,6.5,1,3394170
5,52475878,5,1,3394171
2,52475887,0.02,1,3394172
12,52475894,0.99,1,3394173
11,52475896,609.52,1,3394174
2,52475903,1.7,1,3394175
17,52475912,1,9,3394176
2,52532854,4.2,1,3398334
5,52532856,0.04,3,3398335
5,52532868,0.125,3,3398336
5,52532870,1,3,3398337
12,52532878,2500,1,3398338
5,52537724,1.005,3,3398348
2,52537761,0.02,1,3398349
15,52537763,0.3,1,3398350
12,52542648,0.3,1,3398358
2,52541647,1.8,1,3398494
5,52541654,0.89,3,3398495
12,52607617,0.9,1,3402787
5,52607640,11.5,1,3402788
5,52608842,0.904,3,3402790
5,52608858,0.13,3,3402791
11,52608865,3,3,3402792
5,52608872,0.094,3,3402793
16,52608877,4,9,3402794
5,52612483,0.582,3,3402806
5,52612485,0.087,3,3402807
5,52612495,0.092,3,3402808
15,52624157,0.4,1,3402837
15,52624161,4.9,1,3402838
5,52612520,0.083,3,3402853
5,52612531,2.19,3,3402854
8,52612583,30,9,3402855
5,52624232,120,1,3402883
1,52624263,2,9,3402884
2,52624276,0.5,1,3402885
5,52624282,16.1,1,3402886
16,52606618,19,9,3402888
16,52612593,16,9,3402903
16,52612594,27,9,3402904
2,52612609,11.5,1,3402905
2,52618715,0.002,3,3402928
5,52618716,2,1,3402929
5,52618734,0.07,3,3402930
5,52606636,3.2,1,3402958
5,52606649,1.3,1,3402959
5,52606654,20.4,1,3402960
5,52606678,5.3,1,3402961
2,52606686,0.4,1,3402962
8,52618831,1.6,1,3403007
5,52618833,10,1,3403008
5,52623983,0.05,3,3403016
5,52607934,0.21,3,3403025
5,52607943,0.3,3,3403026
2,52607951,0.3,1,3403027
5,52607980,0.04,1,3403028
16,52611571,0.44,1,3403054
5,52615153,1.5,1,3403059
5,52615162,27.4,1,3403060
2,52096348,0.07,1,3368418
8,52096391,6.68,1,3368419
5,52096402,0.15,3,3368420
16,52091530,4,1,3368494
5,52091569,1,3,3368495
8,52091573,32,1,3368496
5,52149664,16.06,3,3372844
5,52149680,0.095,3,3372845
2,52149682,0.72,1,3372846
5,52149718,0.5,3,3372847
5,52149739,0.252,3,3372848
5,52150909,0.22,3,3372849
5,52150921,0.065,3,3372850
5,52150926,0.131,3,3372851
2,52152213,0.7,1,3372852
16,52158300,6.5,9,3372868
5,52158874,0.53,3,3372869
5,52158889,0.25,3,3372870
16,52149740,4449.2,1,3372906
12,52163169,0.1,1,3372957
5,52163172,1.75,3,3372958
5,52163214,0,,3372959
12,52165610,1.5,1,3372966
2,52165615,3.75,1,3372967
5,52166803,2.97,1,3372969
16,52166805,0.4,1,3372970
5,52166838,0.288,3,3372971
5,52169218,0.12,3,3372988
5,52169229,0.03,3,3372989
5,52169254,0.234,3,3372990
8,52160845,0.86,1,3373025
16,52162034,4,9,3373026
5,52162060,0.08,3,3373027
5,52162066,0.45,3,3373028
2,52163257,0.3,1,3373031
5,52164496,1.029,3,3373041
2,52164508,0.6,1,3373042
5,52166937,2.02,4,3373052
5,52166943,72,1,3373053
2,52166944,0.66,1,3373054
5,52168115,0.042,3,3373061
2,52168122,1,1,3373062
12,52169299,7.5,1,3373063
5,52169301,9.5,3,3373064
5,52169313,9.8,3,3373065
5,52273967,3.75,3,3377259
5,52273969,0.16,3,3377260
1,52273979,0.6,1,3377261
5,52273980,2.2,1,3377262
5,52273986,0.77,3,3377263
5,52273990,0.4,3,3377264
12,52273993,0.6,1,3377265
5,52267993,0.011,3,3377293
5,52272850,0.08,3,3377307
5,52272851,0.035,3,3377308
2,52272859,15.2,1,3377309
5,52272871,0.065,3,3377310
5,52274048,1,3,3377311
12,52274053,2.5,1,3377312
12,52274064,1,1,3377313
5,52262157,7,1,3377350
5,52262199,2.2,1,3377351
5,52262208,3.59,1,3377352
8,52262210,52,9,3377353
12,52262216,4.69,1,3377354
12,52217344,0.034,1,3377411
5,52203750,2.47,1,3381461
1,52208608,13.97,1,3381484
16,52208629,1037,1,3381485
5,52208637,0.28,3,3381486
5,52211112,0.18,3,3381495
5,52211145,0.31,3,3381496
5,52211151,7.385,3,3381497
16,52202621,2.99,1,3381560
5,52202628,4.1,3,3381561
5,52203857,4.1,4,3381562
5,52203858,5.6,1,3381563
5,52206276,0.05,3,3381565
12,52207501,0.65,1,3381569
5,52207502,0.029,3,3381570
5,52208707,0.39,3,3381571
11,52208710,101,9,3381572
5,52208729,0.981,3,3381573
2,52211220,4.08,1,3381580
12,52202693,61,1,3381642
2,52208762,0.5,1,3381653
16,52208763,8963,1,3381654
16,52344462,4.4,1,3381655
12,52344464,1.2,1,3381656
16,52344477,1.37,1,3381657
5,52344480,11.7,1,3381658
2,52344498,0.2,1,3381659
8,52348124,4,9,3381668
5,52348125,2.6,1,3381669
17,52348165,1.3,1,3381670
5,52348182,3.3,1,3381671
17,52348186,39.3,1,3381672
5,52349394,1.6,1,3381673
16,52349395,13,1,3381674
5,52349402,4.1,1,3381675
5,52288893,0.09,3,3385589
16,52288898,0.004,1,3385590
16,52288909,0.195,3,3385591
5,52288950,0.09,3,3385592
12,52290103,0.7,1,3385593
5,52290113,1,1,3385594
5,52290120,5,1,3385595
16,52290126,2,9,3385596
16,52290129,20,9,3385597
5,52291328,3.7,1,3385598
5,52291369,12.1,1,3385599
5,52292509,1,3,3385601
5,52292551,0.2,3,3385602
5,52276779,2.9,1,3385615
5,52276781,3.8,1,3385616
8,52276792,5.1,1,3385617
8,52276815,0.7,1,3385618
5,52276816,4.8,1,3385619
5,52277970,0.23,3,3385620
5,52277978,0.11,3,3385621
12,52277983,0.02,1,3385622
12,52277990,0.5,1,3385623
5,52278012,0.4,3,3385624
1,52278014,0.8,1,3385625
2,52278020,0.06,1,3385626
5,52278029,0.05,3,3385627
5,52278034,16,1,3385628
14,52279189,14,9,3385629
5,52281611,5.2,1,3385644
1,52285291,0.4,1,3385656
16,52285313,10,1,3385657
12,52285317,1,9,3385658
5,52288984,1.1,4,3385666
5,52288994,0.11,3,3385667
16,52278044,1,9,3385702
5,52281730,0.02,3,3385735
16,52275716,500,9,3385778
5,52275723,0.1,3,3385779
5,52275736,0.17,3,3385780
5,52278159,1,3,3385800
12,52278162,0.01,1,3385801
8,52278164,70,9,3385802
5,52278172,0.01,1,3385803
5,52284213,0.02,3,3385829
5,52284216,0.01,3,3385830
5,52284231,0.04,3,3385831
5,52284250,0.17,3,3385832
12,52284252,3,1,3385833
5,52284255,0.05,3,3385834
5,52285443,1.9,1,3385841
5,52285455,51.2,1,3385842
5,52285456,0.7,1,3385843
5,52407264,4,1,3389781
5,52406232,0.2,1,3389937
5,52406245,980,10,3389938
12,52406248,2.8,1,3389939
6,52485653,10,9,3394205
14,52485681,3.11,1,3394206
12,52486918,2.07,1,3394209
5,52486922,1.6,1,3394210
1,52473481,0.5,1,3394226
5,52473485,439.82,1,3394227
1,52473493,0.1,1,3394228
12,52473504,0.27,1,3394229
1,52473513,1.6,1,3394230
12,52473522,1.49,1,3394231
5,52478427,2.7,1,3394241
5,52478429,14.5,1,3394242
5,52483340,0.6,1,3394257
5,52483346,2,3,3394258
5,52485750,321.41,1,3394267
12,52485751,4.46,1,3394268
5,52485760,1.2,1,3394269
2,52485777,3.5,1,3394270
1,52486944,0.5,1,3394271
5,52486952,3.86,1,3394272
11,52486959,5.3,1,3394273
5,52486987,2.5,1,3394274
8,52478452,2.56,1,3394295
5,52478470,1,1,3394296
1,52478478,0.02,1,3394297
12,52478507,1.17,1,3394298
8,52478515,143.79,1,3394299
8,52487010,1.18,1,3394322
5,52487022,1,1,3394323
5,52487043,8.4,1,3394324
5,52472512,0.001,1,3394439
5,52472538,2.9,1,3394440
15,52536816,7.76,1,3398616
5,52615205,7.5,1,3403061
5,52615220,0.116,3,3403062
5,52618857,1.3,1,3403069
5,52618863,14,1,3403070
16,52618864,17.3,1,3403071
5,52618897,9.5,1,3403072
5,52611592,9.27,3,3403120
5,52611633,0.22,3,3403121
5,52611634,0.554,3,3403122
1,52615236,0.001,1,3403132
5,52617743,1.5,1,3403142
11,52617749,49,9,3403143
9,52617775,1,9,3403144
2,52618960,1.5,1,3403146
5,52618965,0.2,3,3403147
11,52618968,3,9,3403148
1,52623323,0.005,1,3403150
16,52623325,3,9,3403151
1,52623329,8.5,1,3403152
5,52623361,20,3,3403153
5,52609311,12.8,1,3403174
5,52609327,3.1,1,3403175
5,52609328,18.7,1,3403176
5,52609339,8.7,1,3403177
16,52609345,1,9,3403178
8,52617812,1,9,3403195
5,52617853,2.5,1,3403196
1,52617858,1,1,3403197
5,52609382,6.702,3,3403228
5,52614215,1.3,1,3403238
11,52614228,1,9,3403239
5,52617872,2.5,1,3403253
5,52617873,16.9,1,3403254
5,52617879,7.8,1,3403255
5,52617882,22.7,1,3403256
2,52617894,6,1,3403257
2,52617911,1.5,1,3403258
16,52617912,25,9,3403259
5,52617937,2.4,1,3403260
15,52622700,30,9,3403273
5,52622715,0.4,1,3403274
15,52622739,5,9,3403275
5,52622754,1,1,3403276
5,52605857,102.39,3,3403287
5,52607037,8,1,3403288
5,52607089,5.5,1,3403289
5,52610672,0.3,1,3403299
5,52610673,3.9,1,3403300
2,52610689,1,1,3403301
5,52614276,15.6,1,3403302
5,52614317,0.001,3,3403303
5,52614324,0.005,1,3403304
2,52614331,0.003,1,3403305
5,52614334,10.6,1,3403306
12,52090574,12.8,1,3368723
16,52090589,1,9,3368724
2,52095481,9,1,3368737
5,52095491,0.001,1,3368738
16,52090614,0.066,1,3368815
5,52090627,1,1,3368816
5,52090631,0.001,1,3368817
2,52160892,0.58,1,3373109
4,52164523,1.5,1,3373130
12,52164578,0.75,1,3373131
5,52164579,0.05,3,3373132
2,52164580,0.3,1,3373133
12,52166956,6.08,1,3373139
16,52166984,21,9,3373140
1,52166985,0.2,1,3373141
12,52167013,0.34,1,3373142
2,52168167,3.2,1,3373143
16,52168173,7.2,1,3373144
5,52168190,0.016,3,3373145
5,52168209,4.05,3,3373146
5,52174339,0.188,3,3373157
5,52174346,0.043,3,3373158
5,52178673,0.342,3,3373168
8,52178674,2,9,3373169
2,52178685,20,1,3373170
2,52178686,2,1,3373171
5,52178717,0.033,3,3373172
12,52178740,2,1,3373173
5,52164643,0.7,3,3373196
5,52167025,0.1,3,3373202
8,52167039,8,9,3373203
5,52167070,0.055,3,3373204
5,52167082,0.158,3,3373205
5,52167090,0.216,3,3373206
5,52167091,0.04,3,3373207
5,52167098,8,3,3373208
5,52174364,0.489,3,3373224
2,52174386,0.42,1,3373225
2,52174402,5.3,1,3373226
5,52174404,0.093,3,3373227
2,52174407,12.02,1,3373228
5,52176843,1.926,3,3373239
4,52178758,7.3,1,3373240
5,52178763,5,1,3373241
2,52161114,0.55,1,3373250
5,52162266,0.16,3,3373251
5,52162301,0.236,3,3373252
5,52162317,0.126,3,3373253
5,52168379,1.15,1,3373272
5,52168390,9.7,3,3373273
5,52169520,0.105,3,3373274
4,52169526,6.9,1,3373275
5,52169534,0.129,3,3373276
5,52169539,0.84,3,3373277
2,52176907,0.17,1,3373303
5,52176917,15.96,4,3373304
5,52176931,0.112,3,3373305
2,52159922,0.79,1,3373306
2,52159927,0.16,1,3373307
2,52159936,0.34,1,3373308
5,52159976,8.89,3,3373309
5,52161124,0.01,1,3373310
5,52161125,0.137,3,3373311
5,52161126,0.031,3,3373312
5,52161145,1.7,3,3373313
11,52161151,113,9,3373314
8,52162343,3,9,3373318
5,52162396,0.945,3,3373319
12,52162405,0.78,1,3373320
5,52162406,0.195,3,3373321
2,52163589,228,1,3373325
5,52164758,4.1,3,3373326
16,52169591,1.88,1,3373354
2,52169629,3.56,1,3373355
5,52169630,1.2,4,3373356
5,52170875,0.083,3,3373357
12,52170876,0.36,1,3373358
5,52170926,0.231,3,3373359
5,52334997,11.3,1,3381696
12,52335044,4.22,1,3381697
5,52335047,1.9,1,3381698
8,52349410,0.5,1,3381759
12,52349430,1,1,3381760
5,52349436,2.3,1,3381761
12,52349443,0.1,1,3381762
5,52343459,2.6,1,3381874
5,52334044,1.6,1,3381914
12,52334066,2.12,1,3381915
5,52343576,49.5,1,3381960
5,52291546,2.42,1,3385871
5,52291547,0.63,1,3385872
5,52292755,0.3,3,3385873
5,52292806,0.1,3,3385874
5,52277013,0.874,3,3385880
1,52277015,0.08,1,3385881
5,52277031,0.71,3,3385882
5,52277042,0.15,3,3385883
16,52278193,1,9,3385884
5,52278204,0.6,1,3385885
5,52278209,0.464,3,3385886
5,52284302,0.06,3,3385928
12,52284316,165,1,3385929
5,52285478,7.3,1,3385930
5,52285523,1.7,1,3385931
5,52287991,0.11,3,3385933
5,52288034,0.035,3,3385934
5,52289193,0.28,1,3385935
12,52289242,1.1,1,3385936
5,52290410,0.065,3,3385938
2,52290425,0.07,1,3385939
4,52290456,0.5,1,3385940
5,52290463,3.1,1,3385941
5,52291638,1,3,3385942
5,52291678,0.235,3,3385943
1,52291681,0.4,1,3385944
2,52292865,0.5,1,3385945
5,52277069,2,3,3385953
2,52284344,1,1,3385995
12,52284349,0.4,1,3385996
1,52284363,3.6,1,3385997
5,52284382,2.5,1,3385998
8,52284404,0,,3385999
14,52285546,49,9,3386000
5,52285574,0.06,3,3386001
5,52285586,0.1,3,3386002
5,52291682,0.04,3,3386020
5,52291704,0.49,3,3386021
5,52291717,0.73,3,3386022
5,52291729,0.17,3,3386023
5,52293721,0.5,3,3386031
5,52284432,0.42,3,3386078
5,52285626,0.255,3,3386080
8,52285633,0.1,1,3386081
12,52293022,0.7,1,3386121
5,52406258,0.1,1,3390023
5,52406262,7.9,1,3390024
5,52409986,13,1,3390119
5,52410014,0.001,1,3390120
12,52410017,0.95,1,3390121
5,52410019,1.9,1,3390175
12,52410052,0.29,1,3390176
16,52410059,2.62,1,3390177
2,52410066,41.79,1,3390178
2,52410075,0.9,1,3390179
1,52410082,0.8,1,3390180
5,52410086,1.8,1,3390181
1,52410119,0.53,1,3390266
2,52479827,1.88,1,3394464
1,52479835,0.4,1,3394465
1,52479859,0.3,1,3394466
16,52479866,4,9,3394467
5,52482372,1.25,3,3394487
2,52482374,0.2,1,3394488
5,52485998,95.45,1,3394493
5,52486013,1,1,3394494
5,52472560,1.61,1,3394504
1,52477474,0.2,1,3394515
1,52477476,1.1,1,3394516
2,52477477,0.05,1,3394517
5,52477485,4.4,1,3394518
5,52477522,11.7,1,3394519
12,52479890,0.001,1,3394524
12,52479892,0.74,1,3394525
2,52479894,1.75,1,3394526
5,52479896,1,1,3394527
1,52479909,0.2,1,3394528
2,52479921,1.95,1,3394529
1,52482394,0.1,1,3394535
1,52482408,9.99,1,3394536
8,52482409,27.68,1,3394537
8,52482414,2.46,1,3394538
5,52482423,0.5,3,3394539
5,52482432,6.6,1,3394540
1,52482434,9.11,1,3394541
16,52482438,17.59,1,3394542
12,52482440,0.001,1,3394543
1,52482457,1,1,3394544
12,52482462,0.14,1,3394545
16,52484811,2,7,3394549
4,52484818,0.02,1,3394550
11,52484830,12.31,1,3394551
1,52486031,0.1,1,3394556
5,52486043,84.2,1,3394557
5,52486049,7,1,3394558
12,52477533,0.74,1,3394584
5,52477535,1,1,3394585
5,52477545,3,1,3394586
5,52477555,3.31,1,3394587
5,52477581,5.16,1,3394588
12,52477596,2.05,1,3394589
5,52558036,0.445,3,3399074
5,52558053,0.05,3,3399075
5,52565328,0.3,3,3399121
5,52565336,2.145,3,3399122
5,52565363,3.07,3,3399123
5,52565375,0.485,3,3399124
5,52551929,6.94,3,3399152
5,52551930,10.65,3,3399153
5,52551939,1,3,3399154
5,52551941,0.12,3,3399155
12,52551977,0.5,1,3399156
11,52617958,1.4,1,3403341
5,52617961,0.39,3,3403342
12,52617965,6,1,3403343
13,52617966,8.1,1,3403344
5,52617970,0.3,1,3403345
5,52617982,5.3,1,3403346
2,52618008,0.575,1,3403347
5,52618009,0.458,3,3403348
5,52622779,2.5,1,3403363
5,52622791,2.18,3,3403364
5,52605875,0.51,3,3403365
4,52605895,0.4,1,3403366
12,52605896,3.49,1,3403367
11,52605902,1,9,3403368
5,52608363,2,1,3403383
5,52614340,0.02,3,3403420
5,52614344,7.1,1,3403421
8,52618045,2.5,9,3403439
16,52619266,1.6,1,3403441
5,52623608,0.105,3,3403451
5,52623609,1.1,1,3403452
5,52623644,0.77,3,3403453
10,52623656,0.07,1,3403454
5,52623667,0.6,1,3403455
5,52608413,2.6,1,3403464
5,52608417,20.6,1,3403465
5,52608443,4.1,1,3403466
5,52611976,0.7,1,3403486
5,52611984,6.6,1,3403487
5,52612017,4.1,1,3403488
5,52623680,0.09,3,3403522
15,52608459,2.81,3,3403529
5,52609711,0.096,3,3403533
8,52612076,60,9,3403540
5,52612080,0.097,3,3403541
5,52612086,0.44,3,3403542
5,52612099,0.008,3,3403543
5,52612102,0.494,3,3403544
5,52612103,0.174,3,3403545
5,52618198,0.47,3,3403568
5,52618201,6.5,1,3403569
2,52618228,1.3,1,3403570
5,52619374,49.5,1,3403571
16,52619411,0.7,1,3403572
16,52619414,1.1,1,3403573
5,52621847,2.3,1,3403577
5,52609721,14,1,3403587
5,52609745,7.4,1,3403588
12,52609755,2.5,1,3403589
5,52609757,7.6,1,3403590
5,52609759,3.4,1,3403591
5,52609774,5.7,1,3403592
5,52609775,2.3,1,3403593
15,52609791,1.5,9,3403594
5,52612146,0.034,3,3403597
5,52612178,0.578,3,3403598
5,52612184,0.123,3,3403599
5,52613385,4.7,1,3403600
5,52618311,97,1,3403605
5,52618318,0.39,3,3403606
2,52619451,0.005,1,3403607
5,52619491,1.5,1,3403608
16,52114705,0.005,1,3364706
16,52106471,0.005,1,3364746
5,52106516,4,1,3364747
5,52118398,8.1,1,3364786
5,52118422,68.7,1,3364787
5,52177006,0.055,3,3373386
5,52159983,0.249,3,3373391
2,52160007,0.17,1,3373392
5,52160052,0.124,3,3373393
2,52163635,0.72,1,3373397
8,52163646,10,9,3373398
16,52166049,551.6,1,3373406
16,52166086,33.78,1,3373407
2,52166110,3.4,1,3373408
5,52167295,0.1,1,3373409
2,52170955,0.8,1,3373445
5,52170961,3.93,3,3373446
8,52170969,0.59,1,3373447
2,52170992,0.35,1,3373448
5,52173396,0.24,3,3373452
8,52173414,42.89,1,3373453
5,52166118,0.31,3,3373504
5,52166119,1,4,3373505
1,52166130,0.1,1,3373506
5,52168595,0.067,3,3373516
16,52175892,5.5,9,3373533
2,52175932,0.1,1,3373534
8,52175933,3.77,1,3373535
5,52175947,0.07,3,3373536
5,52160188,0.865,3,3373557
17,52161394,4.89,1,3373560
5,52163772,0.043,3,3373576
12,52163774,0.85,1,3373577
4,52163782,0.1,1,3373578
5,52163784,0.201,3,3373579
5,52168617,0.272,3,3373617
2,52168664,8.15,1,3373618
4,52168665,6.1,1,3373619
2,52174785,28.5,1,3373634
1,52174804,0.18,1,3373635
5,52175995,0.067,3,3373636
17,50115622,0,,3249372
5,50399001,8.4,1,3262571
5,50399026,6.5,1,3262572
5,50399036,4.2,3,3262573
5,50399038,16,1,3262574
14,50399051,4,9,3262575
5,50393041,841.4,1,3262616
5,50393046,28,1,3262617
8,50393050,9,9,3262618
16,50393060,28,1,3262619
16,50393061,3,9,3262620
1,50393065,1,1,3262621
2,50393068,2,1,3262622
5,50393069,6,1,3262623
5,50394290,0.4,3,3262629
12,50395467,1,1,3262631
5,50395471,28,1,3262632
5,50395488,2.8,1,3262633
1,50399101,1,1,3262644
1,50399118,0.8,1,3262645
5,50399121,1.96,1,3262646
1,50399127,12.88,1,3262647
5,50399129,9.24,1,3262648
1,50399131,12.54,1,3262649
5,50399132,2.8,1,3262650
14,50399838,1,9,3262653
5,50399847,5.6,1,3262654
12,50399887,1,1,3262655
1,50399892,1,1,3262656
1,50399905,0.38,1,3262657
12,50388161,1,9,3262677
1,50388171,9,1,3262678
12,50388172,1,1,3262679
5,50388207,0.6,3,3262680
1,50388213,7,1,3262681
5,50393080,7.5,1,3262700
14,50393099,10,9,3262701
1,50393100,1,1,3262702
5,50393105,1.8,1,3262703
5,50393107,28,1,3262704
1,50393112,0.01,1,3262705
5,50393113,28,1,3262706
5,50393141,106.4,1,3262707
1,50393153,1,1,3262708
1,50399910,1.4,1,3262732
5,50399916,0.28,1,3262733
5,50399919,4.4,1,3262734
16,50399927,1,7,3262735
16,50399980,28,1,3262736
5,50399981,7.7,1,3262737
5,50382228,2,1,3262739
1,50384603,1,1,3262742
2,50384608,1,1,3262743
4,50384609,1,1,3262744
5,50384617,6,1,3262745
12,50384645,1,1,3262746
5,50384653,1,3,3262747
1,50387061,0.11,1,3262755
1,50387063,4.38,1,3262756
5,50388284,2,3,3262757
5,50389446,1.4,1,3262758
1,50389458,7.99,1,3262759
5,50389475,4,1,3262760
16,50389488,3,9,3262761
5,50389506,22.4,1,3262762
5,50389508,0.51,1,3262763
1,50389509,0.23,1,3262764
1,50389510,0.03,1,3262765
1,50393170,0.01,1,3262774
1,50399280,2,1,3262805
5,50399288,4.48,1,3262806
5,50399289,37.8,1,3262807
1,50400013,0.02,1,3262808
5,50400014,28,1,3262809
5,50400015,34,1,3262810
5,50400017,6,1,3262811
12,50400023,0.4,1,3262812
5,50400039,22.4,1,3262813
1,50382238,0.05,1,3262815
12,50382244,5.9,1,3262816
5,50382255,2,1,3262817
5,50382267,0.84,1,3262818
12,50382308,13.5,1,3262819
5,50382311,0.9,1,3262820
5,50384662,1,1,3262825
12,50384675,1,1,3262826
1,50384676,2.8,1,3262827
1,50384679,1.6,1,3262828
5,50387083,10.06,1,3262834
5,50387085,0.28,1,3262835
5,50387087,1,1,3262836
1,50387103,4,1,3262837
5,50387107,5.6,1,3262838
5,50387110,1,1,3262839
5,50387120,2.8,1,3262840
4,50388296,8,1,3262841
5,50463890,3.8,1,3267001
5,50463895,2,1,3267002
5,50463897,13,1,3267003
5,50467604,0.198,3,3267018
16,50470057,9,9,3267024
5,50470062,21.5,1,3267025
17,50470076,9,9,3267026
16,50470085,9,9,3267027
8,50470087,3,9,3267028
16,50470096,2.02,3,3267029
2,50470113,0.37,1,3267030
16,50471275,11,9,3267031
5,50471283,0.1,3,3267032
5,50471303,28.77,1,3267033
5,50474940,7,1,3267042
16,50476919,30,9,3267044
5,50476926,8,1,3267045
5,50476929,5.6,1,3267046
15,50459161,34,9,3267047
2,50459162,1.3,1,3267048
16,50459176,1,9,3267049
8,50466418,7,9,3267069
5,50466434,0.02,3,3267070
5,50466452,0.1,3,3267071
5,50467642,0.13,3,3267072
5,50467650,2.3,1,3267073
5,50467668,0.08,3,3267074
5,50470159,0.216,3,3267080
5,50470195,0.5,1,3267081
16,50472604,41,9,3267087
5,50472608,1.4,1,3267088
2,50472611,1.71,1,3267089
5,50476215,1.19,1,3267102
5,50476216,0.04,3,3267103
5,50476248,0.016,3,3267104
2,50476261,1.48,1,3267105
5,50476266,1.19,1,3267106
5,50460422,0.179,3,3267112
5,50460429,1.483,3,3267113
5,50460433,0.099,3,3267114
11,50460440,2,9,3267115
5,50462847,2,1,3267124
5,50462852,12,1,3267125
5,50462864,0.2,3,3267126
5,50462876,0.001,1,3267127
16,50462881,16,9,3267128
5,50464048,5,1,3267129
5,50464052,2,1,3267130
5,50464062,0.8,3,3267131
5,50464073,9.15,3,3267132
2,50464082,0.001,1,3267133
5,50464083,22,1,3267134
5,50464100,2,1,3267135
5,50464109,0.4,3,3267136
8,50466483,7,9,3267140
5,50466484,2.75,1,3267141
5,50466489,12.1,1,3267142
5,50466507,3091.25,1,3267143
8,50472647,2.57,1,3267158
8,50472662,1,9,3267159
2,50472668,4.31,1,3267160
8,50472671,11,1,3267161
5,50472699,16.44,1,3267162
2,50472702,1.27,1,3267163
5,50476288,0.13,3,3267171
5,50476300,0.129,3,3267172
5,50462909,0.1,3,3267191
8,50462911,2,9,3267192
8,50462922,2,1,3267193
5,50464118,0.2,1,3267197
5,50464138,8,1,3267198
5,50464163,2,1,3267199
16,50464180,4,9,3267200
5,50469026,29.27,1,3267208
5,50469027,3.83,1,3267209
5,50469031,8.38,3,3267210
5,50469040,0.29,3,3267211
5,50469047,3,1,3267212
5,50469052,0.044,3,3267213
5,50469059,4.92,1,3267214
16,50470332,7,9,3267215
16,50473946,58,9,3267226
5,50464252,0.084,3,3267255
8,50469086,1.91,1,3267269
5,50430441,1.23,3,3267273
1,50430445,9.6,1,3267274
5,50430459,0.26,3,3267275
5,50430462,0.018,3,3267276
5,50512921,0.7,1,3271440
5,50499578,1,1,3271449
12,50499581,0.5,1,3271450
5,50499584,72,1,3271451
5,50499600,16,1,3271452
5,50499601,7,1,3271453
1,50499608,0.3,1,3271454
4,50499613,1.7,1,3271455
8,50502035,2.1,1,3271462
5,50502051,1,1,3271463
5,50502063,0.166,1,3271464
2,50514206,0.7,1,3271499
8,50514208,8.6,1,3271500
5,50514209,7.6,1,3271501
5,50514210,6.1,1,3271502
5,50514240,2.6,1,3271503
5,50499665,68,1,3271513
1,50499668,0.9,1,3271514
1,50499674,0.5,1,3271515
5,50502072,6.8,1,3271531
5,50502074,2,1,3271532
2,50502099,1.5,1,3271533
2,50502118,0.3,1,3271534
5,50502131,20.02,1,3271535
12,50509447,0.7,1,3271551
12,50509448,4.5,1,3271552
12,50511879,1,1,3271560
1,50511899,1,11,3271561
5,50513105,0.002,1,3271563
5,50514248,0.12,3,3271564
5,50514251,0.2,1,3271565
15,50514253,3.5,1,3271566
5,50501005,10,1,3271582
5,50501008,0.3,1,3271583
16,50506988,0.002,1,3271592
5,50506996,27.6,1,3271593
4,50509480,3.1,1,3271599
5,50509482,4.87,1,3271600
5,50511908,0.7,1,3271612
12,50511924,9.7,1,3271613
5,50511940,0.7,1,3271614
5,50511949,0.8,1,3271615
5,50511951,0.7,1,3271616
5,50511970,2.7,1,3271617
5,50513118,13,1,3271618
5,50497442,1,1,3271632
5,50497459,1.2,1,3271633
5,50498667,14.17,1,3271635
16,50501017,3,9,3271636
5,50501025,11,1,3271637
5,50501026,35,1,3271638
5,50501033,1.5,1,3271639
5,50504644,0.005,1,3271647
5,50504668,28,1,3271648
2,50504694,1.5,1,3271649
1,50504700,0.7,1,3271650
1,50504703,0.001,1,3271651
2,50504714,3,1,3271652
5,50507069,1.6,1,3271653
5,50507088,1.02,1,3271654
8,50507099,1,9,3271655
5,50507103,1734.76,1,3271656
2,50498679,3,1,3271690
5,50498680,0.1,3,3271691
12,50498695,0.5,1,3271692
5,50498724,2,1,3271693
12,50498725,1.2,1,3271694
9,50498726,0.003,9,3271695
12,50501136,0.05,1,3271699
12,50501151,7.1,1,3271700
5,50501156,0.012,1,3271701
5,50504720,3,1,3271710
5,50504729,0.004,1,3271711
5,50504766,0.002,1,3271712
5,50504767,2.8,1,3271713
5,50504781,4,1,3271714
16,50504783,1.7,1,3271715
5,49601231,0.12,3,3209403
5,49601293,0.68,3,3209498
1,49601295,6.6,1,3209499
2,49601321,1.1,1,3209500
5,49675513,0.06,3,3213742
2,49677784,16.6,1,3213751
5,49680147,19.8,1,3213757
12,49680156,2,1,3213758
5,49681367,0.03,3,3213760
2,49681370,32.2,1,3213761
5,49681372,0.1,3,3213762
2,49682515,0.2,1,3213763
1,49682531,0.04,1,3213764
12,49684936,1,1,3213769
2,49684985,0.3,1,3213770
2,49668350,0.7,1,3213771
5,49668375,11,1,3213772
5,49668380,2.6,1,3213773
5,49668407,6.4,1,3213774
5,49669557,0.046,3,3213775
5,49669564,6.6,1,3213776
1,49669569,0.75,1,3213777
5,49669571,1.19,3,3213778
12,49669594,9,1,3213779
5,49669603,0.987,3,3213780
17,49669618,1.8,1,3213781
5,49673203,1.26,1,3213782
17,49673239,1.9,1,3213783
5,49675539,0.355,3,3213787
16,49675556,0.5,1,3213788
12,49675560,6.7,1,3213789
5,49675579,0.158,3,3213790
12,49677800,0.2,1,3213799
5,49680176,3.6,1,3213808
5,49680178,1.6,1,3213809
5,49680233,2.4,1,3213810
5,49681381,191,1,3213811
12,49681393,4,1,3213812
2,49681394,13.95,1,3213813
2,49681408,1,1,3213814
5,49681421,0.07,3,3213815
5,49681424,0.79,3,3213816
5,49681425,0.475,3,3213817
5,49681451,1.285,3,3213818
12,49682608,0.201,1,3213826
5,49682611,1.3,3,3213827
12,49682635,1.5,1,3213828
5,49682643,0.02,3,3213829
5,49682644,1,4,3213830
2,49685009,0.05,3,3213832
2,49685020,0.3,1,3213833
1,49685025,1.8,1,3213834
1,49685041,1.3,1,3213835
1,49685046,0.02,1,3213836
12,49668418,0.6,1,3213838
2,49668483,0.7,1,3213839
1,49668484,0.4,1,3213840
2,49669631,0.75,1,3213841
16,49672056,4.96,1,3213847
5,49675622,0.01,3,3213859
1,49675623,0.1,1,3213860
5,49675674,0.01,3,3213861
5,49679062,2,1,3213876
5,49679087,20.6,1,3213877
5,49680262,154.4,1,3213879
5,49681463,0.11,3,3213880
2,49681489,0.5,1,3213881
16,49682668,4,9,3213882
1,49682690,9,1,3213883
4,49682693,0.1,1,3213884
1,49683894,1.6,1,3213888
5,49683936,1.6,1,3213889
1,49685064,3.4,1,3213890
5,49685075,5.8,1,3213891
2,49668519,0.1,1,3213910
5,49668531,0.26,3,3213911
4,49668555,0.2,1,3213912
16,49668562,5.5,9,3213913
2,49668564,0.5,1,3213914
8,49672178,14,1,3213925
2,49672192,1,1,3213926
5,49674553,11.84,3,3213930
1,49674569,1.1,1,3213931
2,49674574,1.4,1,3213932
5,49675677,0.012,3,3213933
5,49675693,0.035,3,3213934
5,49675695,0.51,3,3213935
5,49675701,0.248,3,3213936
5,49675739,7,1,3213937
5,49680348,3.87,3,3213956
2,49680365,0.02,1,3213957
16,49681544,11,9,3213963
1,49681597,0.2,1,3213964
5,49683950,3.7,1,3213971
12,49683958,2,1,3213972
5,49683965,0.9,1,3213973
5,49683978,3.7,1,3213974
1,49686731,0.3,1,3213981
5,49686732,0.35,3,3213982
5,49686755,0.1,3,3213983
2,49686787,0.4,1,3213984
5,49686788,9.7,1,3213985
1,49686789,8.7,1,3213986
5,49668566,3.5,1,3213987
5,49668591,0.123,3,3213988
1,49669775,0.3,1,3213989
5,49669791,7.7,1,3213990
5,49669793,58.82,4,3213991
1,49669804,1,1,3213992
5,49669823,0.1,3,3213993
1,49672212,0.1,1,3213998
1,49672263,0.1,1,3213999
1,49674628,0.2,1,3214005
4,49674636,6,1,3214006
8,49675773,3.5,1,3214010
1,49675819,0.5,1,3214011
16,49675821,1,9,3214012
15,49679227,6,1,3214019
5,49867349,2.77,3,3222636
5,49870764,0.095,3,3222664
2,49870779,1.2,1,3222665
5,49870799,1,11,3222666
5,49870820,0.15,3,3222667
1,49870828,0.2,1,3222668
5,49873127,0.055,3,3222669
1,49873177,19.8,1,3222670
2,49873178,10,1,3222671
5,49879246,0.123,3,3222691
5,49879247,4.7,1,3222692
17,49879263,1,11,3222693
5,49867357,3.4,1,3222725
5,49867359,0.05,3,3222726
5,49868621,0.55,3,3222736
1,49868622,0.02,1,3222737
5,49872034,0.17,3,3222751
1,49872035,1.1,1,3222752
1,49872046,0.9,1,3222753
5,49872054,2.3,1,3222754
5,49873220,0.299,3,3222755
1,49878100,18,1,3222777
2,49878105,8.3,1,3222778
5,49878111,0.11,3,3222779
1,49878115,0.1,1,3222780
2,49879277,0.4,1,3222781
1,49869829,0.5,1,3222848
1,49870951,0.2,1,3222850
17,49870952,0,,3222851
5,49872071,0.3,3,3222852
5,49873279,0.145,3,3222861
5,49873305,0.163,3,3222862
5,49863896,0.458,3,3222904
5,49863898,0.05,3,3222905
5,49950472,0.24,3,3227169
1,49950491,0.6,1,3227170
5,49950497,0.26,3,3227171
5,49950499,0.04,3,3227172
5,49950508,15,1,3227173
5,49950539,1.2,3,3227174
1,49957848,14.1,1,3227193
5,49957880,0.152,3,3227194
1,49943410,0.5,1,3227210
5,49943412,0.9,3,3227211
1,49943416,0.8,1,3227212
1,49943433,0.2,1,3227213
5,49943445,0.21,3,3227214
5,49943451,6,1,3227215
17,49943460,0,,3227216
5,49943461,0.1,3,3227217
1,49957963,0.2,1,3227271
5,49957967,4.5,3,3227272
1,49947152,0.2,1,3227309
2,49947154,0.04,1,3227310
5,49956840,0.125,3,3227343
5,49893752,0.067,3,3231519
1,49895008,0.01,1,3231521
1,49895020,0.3,1,3231522
1,49895042,0.2,1,3231523
5,49897449,0.22,3,3231526
12,49897479,0.3,1,3231527
5,49885182,0.045,3,3231539
12,49886470,3,1,3231544
16,49888948,40,9,3231547
5,49888953,0.008,3,3231548
1,49888954,12.1,1,3231549
5,49897499,0.4,3,3231577
17,49897513,0,,3231578
1,49897537,178,1,3231579
1,49887725,1.3,1,3231619
2,49887730,0.5,1,3231620
5,49888976,0.119,3,3231626
1,49888995,0.1,1,3231627
5,49889028,0.275,3,3231628
5,49896371,0.19,3,3231664
4,49896372,6,1,3231665
16,49896406,21,9,3231666
5,49897568,11,1,3231667
5,49897573,0.277,3,3231668
12,49897575,0.9,1,3231669
5,49881746,0.08,3,3231683
5,49881748,0.111,3,3231684
1,49881781,0.9,1,3231685
1,49884162,0.2,1,3231690
4,49884166,3.4,1,3231691
1,49881814,0.2,1,3231752
2,49881858,2.5,1,3231753
5,49884206,0.158,3,3231763
1,49983282,1.6,1,3235947
5,49983289,0.4,3,3235948
5,49983292,1.3,3,3235949
5,49985644,130.1,1,3235951
5,49988066,0.18,3,3235953
12,49988080,28,1,3235954
5,49988082,1,3,3235955
1,49988114,0.15,1,3235956
4,49998929,0.1,1,3236042
12,50000083,0.8,1,3236044
5,50000144,0.19,3,3236045
12,50009770,195.8,1,3236128
4,50000182,0.7,1,3236195
5,50000183,0.14,3,3236196
5,50000207,0.06,3,3236197
5,50098504,6,1,3240375
17,50098507,0,,3240376
5,50098510,1,1,3240377
12,50098520,0.72,1,3240378
16,50098544,0.2,1,3240379
17,50104252,0,,3240405
1,50104258,1.6,1,3240406
12,50104266,1.4,1,3240407
17,50097370,0.6,1,3240456
5,50097374,7,1,3240457
12,50097384,0.2,1,3240458
12,50097389,0.8,1,3240459
5,50097391,3,1,3240460
5,50097392,5,1,3240461
12,50097395,7.3,1,3240462
17,50097399,0.7,1,3240463
5,50067610,0.26,3,3240578
12,50067613,0.3,1,3240579
5,50067617,0.14,3,3240580
5,50389518,1.12,1,3262848
5,50389522,1.12,1,3262849
5,50389535,5.6,1,3262850
5,50389552,28,1,3262851
12,50389562,6.3,1,3262852
2,50389565,0.03,1,3262853
4,50394461,5.8,1,3262866
5,50394475,14.4,1,3262867
4,50394476,9.9,1,3262868
16,50394493,2,9,3262869
5,50394496,413.84,1,3262870
16,50394501,0.78,1,3262871
1,50394504,1,1,3262872
5,50394505,28,1,3262873
5,50394514,28,1,3262874
4,50398157,1,3,3262889
8,50399313,8,7,3262890
12,50399320,14,1,3262891
5,50399336,87.36,1,3262892
5,50399343,177.24,1,3262893
5,50399345,2.8,1,3262894
5,50399352,0.09,1,3262895
1,50399363,0.07,1,3262896
1,50399368,0.21,1,3262897
1,50382330,14.55,1,3262901
16,50387189,0.13,1,3262915
5,50431620,0.13,3,3267278
15,50431636,6.5,9,3267279
8,50431643,12,1,3267280
5,50431647,24.3,1,3267281
16,50435210,0.6,1,3267289
2,50435219,1.1,1,3267290
5,50437619,6.1,1,3267311
5,50437625,3,1,3267312
5,50437638,4,10,3267313
5,50437654,0,,3267314
5,50437673,0,,3267315
5,50437676,0,,3267316
12,50437679,3.1,1,3267317
5,50425609,2.8,1,3267335
5,50425627,2.25,1,3267336
8,50425646,1,9,3267337
5,50425647,2.5,1,3267338
5,50425652,1,1,3267339
1,50425655,48.46,1,3267340
1,50426826,0.001,1,3267341
5,50426831,5.4,1,3267342
2,50426841,1.1,1,3267343
5,50426847,0.002,3,3267344
5,50426867,3.15,3,3267345
5,50426869,2.3,1,3267346
5,50428007,0.17,3,3267347
8,50428034,0.001,9,3267348
15,50428060,0.025,3,3267349
5,50428061,0.125,3,3267350
5,50428070,0.6,1,3267351
15,50432906,57,9,3267367
2,50432919,4,1,3267368
5,50432936,0.2,3,3267369
5,50432943,5.24,1,3267370
2,50437694,0.3,1,3267394
5,50437707,1.6,1,3267395
5,50437716,0.001,3,3267396
16,50437733,8,9,3267397
16,50437743,1,9,3267398
1,50422049,3.28,1,3267409
17,50422050,14,9,3267410
1,50422059,0.1,1,3267411
5,50422074,0.28,1,3267412
5,50422077,28,1,3267413
5,50422097,3,1,3267414
5,50422123,2.8,1,3267415
5,50425665,1.05,1,3267422
5,50426912,0.39,3,3267425
5,50432963,0.14,3,3267441
5,50438383,0.74,3,3267459
16,50438386,0.003,9,3267460
5,50438390,0.066,3,3267461
5,50438391,1.2,1,3267462
17,50438393,1,9,3267463
8,50438396,1.2,1,3267464
5,50438405,0.037,3,3267465
16,50420943,11.8,1,3267472
5,50420952,0.35,3,3267473
5,50420961,5.3,1,3267474
8,50420975,0.007,9,3267475
15,50420983,0.4,1,3267476
5,50420985,0.22,3,3267477
1,50420995,8.1,1,3267478
5,50438584,1,1,3267536
1,50438593,3.2,1,3267537
13,50438598,1.3,1,3267538
5,50421016,0.955,3,3267541
5,50421017,0.21,3,3267542
5,50421018,2.6,1,3267543
15,50421019,0.01,1,3267544
5,50421029,460.1,1,3267545
12,50507137,0.23,1,3271721
5,50507138,0.65,1,3271722
5,50513290,0.1,3,3271735
12,50498759,0.003,1,3271748
16,50498766,0.001,9,3271749
5,50501175,1.5,1,3271754
8,50501186,0.01,9,3271755
5,50501196,1.4,1,3271756
12,50501212,3.8,1,3271757
5,50501215,2.11,1,3271758
5,50501228,0.13,1,3271759
5,50501230,0.06,3,3271760
5,50512153,0.009,1,3271790
5,50512168,3,1,3271791
5,50512174,25,1,3271792
5,50512182,0.005,1,3271793
12,50512197,1.9,1,3271794
8,50513377,0.4,9,3271795
5,50501249,0.34,3,3271816
5,50501303,0.1,3,3271817
5,50511057,3.11,1,3271850
2,50511063,0.18,1,3271851
5,50512215,0.006,1,3271852
12,50512220,4,1,3271853
5,50512222,68,1,3271854
2,50512234,0.005,1,3271855
12,50514641,1,1,3271862
16,50514655,0.15,1,3271863
12,50514687,0.8,1,3271864
5,50503755,0.7,1,3271879
16,50503756,0.022,1,3271880
12,50503764,3,1,3271881
5,50503771,4,1,3271882
5,50503789,0.023,1,3271883
5,50503790,0.001,1,3271884
5,50503803,172,1,3271885
12,50506193,1.6,1,3271892
5,50506197,0.006,1,3271893
16,50514731,1.29,1,3271913
5,50514754,4.4,1,3271914
5,50497796,16.5,1,3271916
5,50497808,20,1,3271917
5,50503816,5,1,3271930
5,50503825,4.9,1,3271931
1,50503827,0.002,1,3271932
12,50506231,1.5,1,3271940
5,50506265,0.002,1,3271941
5,50506270,0.003,1,3271942
4,50506275,0.7,1,3271943
5,50506288,21,1,3271944
5,50506295,0.002,1,3271945
5,50512415,1,1,3271968
8,50512417,6,9,3271969
5,50512420,3.5,1,3271970
5,50512423,0.85,1,3271971
1,50497835,0.7,1,3271984
5,50497872,4.7,1,3271985
5,49681614,0.017,3,3214022
12,49681615,290,1,3214023
1,49684033,0.3,1,3214029
2,49684064,23.5,1,3214030
5,49684072,0.032,3,3214031
5,49684073,3,1,3214032
5,49685962,0.6,1,3214037
5,49685970,0.7,1,3214038
5,49685991,4,1,3214039
12,49685997,6.8,1,3214040
5,49686019,40.1,1,3214041
5,49686023,4.9,1,3214042
5,49668644,5,1,3214043
2,49668666,1,1,3214044
1,49668692,0.1,1,3214045
1,49668698,0.2,1,3214046
5,49669847,0.09,3,3214047
12,49669852,4.1,1,3214048
1,49671104,0.3,1,3214051
1,49671117,0.4,1,3214052
1,49671129,2.4,1,3214053
5,49672294,1.2,1,3214054
5,49674719,3,1,3214059
5,49674760,0.2,3,3214060
5,49674763,10.3,1,3214061
17,49675885,5.73,3,3214062
2,49678101,3.8,1,3214066
5,49678105,51.2,1,3214067
5,49678114,0.5,1,3214068
5,49678146,3.5,1,3214069
2,49679280,1.2,1,3214070
1,49679282,1.3,1,3214071
5,49679285,24.7,1,3214072
5,49679293,3.7,1,3214073
1,49680532,0.3,1,3214076
5,49680534,0.07,3,3214077
16,49681688,4,1,3214078
5,49681689,64.22,1,3214079
1,49681720,5.4,1,3214080
16,49681741,4,9,3214081
5,49681755,0.014,3,3214082
4,49684111,19,1,3214092
5,49685358,22,1,3214094
12,49669957,0.4,1,3214110
5,49669960,0.23,3,3214111
1,49669971,0.3,1,3214112
2,49669994,28.6,1,3214113
1,49671166,0.4,1,3214114
5,49678159,0.9,1,3214140
1,49678161,5,1,3214141
5,49678185,5.5,1,3214142
5,49678205,18,1,3214143
5,49678212,2.7,1,3214144
2,49678229,0.1,1,3214145
16,49679392,95,1,3214146
5,49679394,0.01,3,3214147
8,49679410,1,1,3214148
1,49681772,0.4,1,3214155
5,49685388,4.9,1,3214169
12,49685393,0.3,1,3214170
5,49685402,14.1,1,3214171
5,49685408,2.8,1,3214172
5,49685422,6.7,1,3214173
1,49671232,0.5,1,3214179
1,49671240,0.2,1,3214180
5,49671256,1,11,3214181
1,49672458,0.2,1,3214183
5,49672485,0.025,3,3214184
4,49674879,0.6,1,3214196
16,49674892,29,9,3214197
5,49674916,1.5,1,3214198
12,49678247,0.5,1,3214203
5,49678253,0.05,3,3214204
5,49678264,0.53,3,3214205
13,49678272,1.6,1,3214206
5,49678278,0.63,3,3214207
5,49678282,0.09,3,3214208
5,49678285,0.28,3,3214209
5,49680665,4.5,1,3214212
5,49680667,0.52,3,3214213
2,49680699,0.7,1,3214214
5,49680700,1.1,1,3214215
5,49684277,2.4,1,3214231
5,49685443,5.1,1,3214233
12,49685447,14.1,1,3214234
2,49685477,2.6,1,3214235
5,49685482,8,1,3214236
2,49685494,0.9,1,3214237
5,49668895,0.66,3,3214238
1,49668898,0.2,1,3214239
5,49668905,5.4,1,3214240
12,49671288,1,1,3214245
12,49671305,47.1,1,3214246
1,49672511,0.2,1,3214249
1,49672515,4.4,1,3214250
1,49672530,0.2,1,3214251
1,49672547,0.02,1,3214252
2,49672563,0.02,1,3214253
1,49674951,0.3,1,3214258
1,49674962,2.05,1,3214259
1,49677248,0.1,1,3214263
5,49677262,4.4,1,3214264
2,49678316,13.3,1,3214265
1,49678336,1.6,1,3214266
5,49678337,0.032,3,3214267
5,49678338,17.001,1,3214268
5,49678365,447.6,1,3214269
5,49680729,1,1,3214285
5,49680731,0.6,1,3214286
12,49680759,35.3,1,3214287
1,49680769,2.4,1,3214288
5,49681932,3,1,3214290
1,49681934,0.6,1,3214291
5,49681963,0.26,3,3214292
12,49681966,28.8,1,3214293
5,49683170,0.405,3,3214297
2,49683175,317,1,3214298
5,49685514,24,1,3214302
1,49866363,0.01,1,3222917
1,49869855,0.4,1,3222926
1,49878271,0.2,1,3222974
2,49879496,4.3,1,3222975
5,49879499,0.264,3,3222976
2,49863956,0.8,1,3222988
13,49866383,23,1,3223003
1,49866404,103,1,3223004
1,49866414,0.088,3,3223005
5,49873501,2.59,3,3223032
5,49878286,12.6,1,3223050
5,49878316,0.017,3,3223051
5,49878334,0.07,3,3223052
12,49864052,0.2,1,3223066
5,49864057,0.09,3,3223067
5,49866456,0.01,3,3223080
1,49873523,0.1,1,3223111
5,49878361,17.5,1,3223154
4,49878376,0.5,1,3223155
5,49880349,0.01,3,3223162
1,49880398,0.01,1,3223163
5,49880399,0.12,3,3223164
5,49946017,0.105,3,3227368
1,49946024,1.1,1,3227369
5,49946050,0.56,3,3227370
5,49947159,0.035,3,3227371
2,49951980,0.5,1,3227383
5,49958870,0.26,3,3227401
5,49958884,1.89,3,3227402
1,49958897,0.2,1,3227403
2,49942419,12.8,1,3227412
2,49942435,0.03,1,3227413
5,49942439,0.1,3,3227414
5,49942449,1,11,3227415
5,49942480,0.106,3,3227416
5,49942484,0.15,3,3227417
13,49947255,0.5,1,3227431
2,49952007,2.8,1,3227444
5,49954488,0.015,3,3227453
5,49954506,0.065,3,3227454
5,49954517,6.38,4,3227455
1,49946205,16.4,1,3227490
5,49946216,0.13,3,3227491
5,49946228,3.98,3,3227492
5,49954551,0.05,3,3227521
5,49954554,0.05,3,3227522
5,49954588,0.025,3,3227523
16,49957031,20,1,3227525
1,49945014,39.5,1,3227553
12,49945023,2,1,3227554
5,49945025,0.01,3,3227555
1,49945042,1.1,1,3227556
4,49945068,0.5,1,3227557
5,49945072,0.15,3,3227558
5,49946251,1,11,3227559
2,49946259,0.2,1,3227560
1,49948594,1,1,3227570
2,49958693,0.5,1,3227600
5,49958703,28,4,3227601
5,49958715,0.26,3,3227602
5,49896543,0.07,3,3231808
2,49896548,0.02,1,3231809
12,49897733,0.7,1,3231810
5,49897780,0.225,3,3231811
5,49886772,1.9,1,3231850
17,49889194,4,9,3231853
1,49889213,5.9,1,3231854
1,49889215,1.4,1,3231855
5,49889223,0.38,3,3231856
5,49889227,2.75,1,3231857
1,49895361,2,1,3231880
1,49896598,0.2,1,3231881
2,49896614,0.8,1,3231882
5,49897809,0.2,3,3231886
5,49897817,0.13,3,3231887
1,49897819,0.02,1,3231888
5,49897837,0.04,3,3231889
2,49886809,0.01,1,3231925
16,49886829,2,1,3231926
1,49888178,1.5,1,3232057
12,50000258,5,1,3236356
1,50000311,10.8,1,3236357
1,50000331,0.2,1,3236452
5,50000337,0.002,3,3236453
5,50114974,2.93,1,3249876
5,50115004,0.65,3,3249953
12,50115015,1.1,1,3249954
8,50115036,0.5,1,3249955
12,50115058,1,1,3250006
2,50115065,0.05,1,3250007
5,50427060,1,3,3267563
5,50427072,17.2,1,3267564
5,50427101,0.11,3,3267565
1,50430731,2.9,1,3267572
5,50430734,0.28,1,3267573
12,50430735,1,1,3267574
5,50430784,2.8,1,3267575
5,50431971,0.22,3,3267577
5,50436748,0.008,3,3267587
5,50436760,0.015,3,3267588
5,50436763,0.049,3,3267589
5,50436772,0.705,3,3267590
5,50436779,0.005,3,3267591
5,50427122,0.018,3,3267611
5,50427123,0.25,1,3267612
8,50427124,0.07,9,3267613
16,50427126,4,9,3267614
5,50427127,6.53,3,3267615
5,50430799,28,1,3267623
5,50430813,1,3,3267624
5,50430814,0,3,3267625
5,50430815,0,3,3267626
5,50430816,0,3,3267627
5,50430817,2,3,3267628
5,50430819,2,3,3267629
5,50430820,1,3,3267630
5,50430822,2,3,3267631
5,50430823,1,3,3267632
14,50430826,1.6,1,3267633
5,50430849,12,3,3267634
5,50431993,0.042,3,3267635
5,50431998,0.033,3,3267636
16,50432015,0.7,1,3267637
5,50432016,0.13,3,3267638
5,50432055,0.105,3,3267639
5,50436801,15,3,3267652
5,50436810,0.075,3,3267653
5,50436842,0.18,3,3267654
5,50438802,0.2,3,3267659
5,50438804,0.28,1,3267660
5,50430876,14.6,1,3267690
5,50430895,0.04,3,3267691
8,50430900,0.008,9,3267692
5,50430914,36,1,3267693
5,50430923,1.87,3,3267694
5,50430930,0.305,3,3267695
2,50432067,0.001,1,3267696
5,50432069,0.001,9,3267697
15,50432071,1,9,3267698
5,50432078,0.003,1,3267699
2,50432079,0.001,1,3267700
2,50432080,4288.9,1,3267701
5,50432082,3,1,3267702
5,50432087,0.41,3,3267703
5,50433319,0.2,3,3267717
5,50433323,0.1,3,3267718
5,50433326,0.2,3,3267719
5,50438437,0.73,3,3267734
5,50438451,0.86,3,3267735
5,50438454,4.5,1,3267736
15,50438461,11,9,3267737
2,50438462,0.6,1,3267738
2,50438465,0.08,1,3267739
5,50438473,0.11,3,3267740
15,50438492,0.2,1,3267741
5,50438500,0.5,3,3267742
5,50430954,0,,3267785
5,50430961,0,,3267786
11,50430968,0.06,1,3267787
1,50430969,1.7,1,3267788
5,50430972,0,,3267789
5,50433328,1,1,3267797
5,50433335,1,1,3267798
5,50438517,0.7,1,3267811
2,50438521,1,1,3267812
2,50438522,1.2,1,3267813
2,50438524,0.7,1,3267814
1,50438526,2.4,1,3267815
16,50438532,8,9,3267816
5,50438546,1.4,1,3267817
5,50438557,196,1,3267818
12,50438566,2.96,1,3267819
5,50438567,1,3,3267820
12,50438572,0.05,1,3267821
2,50421326,0.002,1,3267827
5,50421334,6.6,1,3267828
5,50421341,0.014,3,3267829
5,50421347,4.8,1,3267830
12,50505122,0.1,1,3272013
12,50505126,0.43,1,3272014
5,50505135,1,11,3272015
5,50505160,11.79,1,3272016
1,50506301,6.5,1,3272017
5,50644509,3.09,1,3272037
2,50644529,0.01,1,3272038
5,50644537,13.64,1,3272039
5,50644567,3.034,1,3272040
5,50645699,6.61,1,3272041
8,50648103,1,9,3272048
5,50648111,9.78,1,3272049
5,50648133,12.12,1,3272050
1,50648135,1.34,1,3272051
5,50648138,0.69,1,3272052
5,50648141,4.75,1,3272053
5,50648151,7.81,1,3272054
5,50648155,2.49,1,3272055
5,50648159,0.093,1,3272056
5,50648165,0.49,1,3272057
5,50633831,8.061,1,3272074
5,50633881,25.39,1,3272075
16,50633898,42.08,1,3272076
1,50644576,0.04,1,3272136
5,50644578,3.92,1,3272137
5,50644609,2.2,1,3272138
5,50644633,4.086,1,3272139
8,50644635,0.18,1,3272140
5,50648190,14.78,1,3272144
5,50648191,22.79,1,3272145
1,50636353,0.11,1,3272172
5,50636357,3.69,1,3272173
2,50638836,0.032,1,3272175
5,50638839,6.053,1,3272176
5,50638844,3.51,1,3272177
16,50638847,0.53,1,3272178
8,50639937,6,9,3272179
5,50639965,48.05,4,3272180
5,50639966,2.27,1,3272181
5,50639968,7.28,1,3272182
1,50639984,0.006,1,3272183
5,50639990,2.31,1,3272184
1,50645877,2.23,1,3272209
8,50645887,3,9,3272210
5,50634052,0.63,1,3272241
5,50636436,119.99,1,3272249
2,50636448,14.28,1,3272250
5,50636454,1.02,1,3272251
5,50636459,4.14,1,3272252
5,50636463,1.052,1,3272253
5,50636469,0.58,1,3272254
2,50636489,0.39,1,3272255
1,50638856,0.27,1,3272260
5,50638877,9.085,1,3272261
5,50638889,14.045,1,3272262
5,50639994,3.21,1,3272263
5,50639995,9.63,1,3272264
2,50659082,0.57,1,3278835
5,50659085,0.008,1,3278836
5,50659095,10.84,1,3278837
5,50659109,0.62,1,3278838
16,50653075,1,11,3278873
15,50653086,1,9,3278874
5,50653087,0.25,3,3278875
5,50653091,0.17,3,3278876
5,50653098,0.22,3,3278877
13,50653109,1,9,3278878
2,50653110,1,1,3278879
5,50659140,2.012,1,3278903
5,50659158,0.09,1,3278904
8,50659166,14,9,3278905
5,49685535,0.9,1,3214303
5,49686311,0.039,3,3214305
5,49686333,0.015,3,3214306
5,49668984,0.89,3,3214307
5,49668996,0.3,3,3214308
2,49669004,0.01,1,3214309
2,49670190,1.9,1,3214315
5,49675007,0.11,3,3214342
5,49677268,71.4,1,3214358
1,49678403,0.5,1,3214362
2,49678420,0.1,1,3214363
12,49678430,8.1,1,3214364
12,49678432,0.5,1,3214365
5,49678448,4.1,1,3214366
5,49680779,2.9,1,3214367
5,49680784,1.6,1,3214368
1,49680806,0.2,1,3214369
17,49680809,3,9,3214370
1,49680813,0.2,1,3214371
5,49681998,0.16,3,3214373
1,49683232,0.2,1,3214377
1,49684416,0.1,1,3214379
12,49684443,0.6,1,3214380
1,49684460,0.06,1,3214381
17,49684468,15,9,3214382
5,49685587,5.7,1,3214383
12,49685596,1.1,1,3214384
12,49686353,427,1,3214388
2,49686354,0.5,1,3214389
12,49686358,10.5,1,3214390
8,49686361,12,9,3214391
5,49686407,0.51,3,3214392
5,49686413,10,1,3214393
17,49686415,1,11,3214394
1,49669037,0.3,1,3214395
1,49669056,1,1,3214396
5,49669068,0.66,3,3214397
2,49669079,0.3,1,3214398
5,49677390,0.05,3,3214423
16,49677396,9,9,3214424
12,49677409,31.5,1,3214425
5,49678487,1.1,1,3214426
5,49678499,15.4,1,3214427
17,49678508,3.5,1,3214428
5,49683276,0.05,3,3214451
12,49683302,2.2,1,3214452
5,49683325,35.3,1,3214453
17,49683332,13,1,3214454
1,49684490,0.3,1,3214455
12,49684510,0.03,1,3214456
12,49684516,0.6,1,3214457
5,49684522,1.2,1,3214458
5,49684523,1.8,1,3214459
8,49686453,1,1,3214470
12,49686460,0.7,1,3214471
1,49686464,0.5,1,3214472
5,49686478,0.5,3,3214473
1,49670313,1.5,1,3214476
5,49670318,0.052,3,3214477
5,49670323,2.23,3,3214478
2,49670334,0.4,1,3214479
1,49670335,2.4,1,3214480
1,49670347,0.09,1,3214481
1,49671526,0.01,1,3214482
1,49671530,0.2,1,3214483
5,49671554,0.89,3,3214484
2,49671562,0.4,1,3214485
5,49671564,0.211,3,3214486
5,49671572,0.14,3,3214487
5,49671583,0.19,3,3214488
5,49673961,0.4,3,3214492
1,49673962,2.8,1,3214493
1,49673976,0.3,1,3214494
2,49673986,4.29,1,3214495
1,49675202,0.1,1,3214497
5,49677480,3.6,1,3214510
5,49678536,8.2,1,3214511
5,49678542,3.3,1,3214512
5,49678568,115.2,1,3214513
5,49678578,1.7,1,3214514
17,49678594,6,9,3214515
5,49679788,76.4,1,3214523
2,49680963,0.7,1,3214525
1,49680981,0.04,1,3214526
5,49683338,1.6,1,3214533
5,49683347,3.4,1,3214534
5,49683354,3.6,1,3214535
5,49683363,13.3,1,3214536
1,49683383,0.1,1,3214537
1,49683403,0.2,1,3214538
5,49684588,6.8,1,3214543
13,49685770,0.7,1,3214546
5,49685796,0.51,3,3214547
1,49686499,0.2,1,3214548
2,49686506,18,1,3214549
12,49686512,519.8,1,3214550
5,49686519,0.158,3,3214551
5,49686523,0.34,3,3214552
12,49674014,1,11,3214571
1,49674019,0.1,1,3214572
2,49674022,0.4,1,3214573
5,49674030,0.32,3,3214574
5,49674036,14.5,1,3214575
2,49674053,2.5,1,3214576
5,49758423,247,1,3218846
1,49745003,0.2,1,3218858
12,49746233,0.25,1,3218863
1,49746251,0.2,1,3218864
2,49746256,0.2,1,3218865
2,49746263,0.7,1,3218866
1,49746265,0.2,1,3218867
1,49746282,0.4,1,3218868
2,49746304,0.5,1,3218937
5,49746323,2.6,1,3218938
12,49746332,4.6,1,3218939
12,49746336,3,1,3218940
1,49746341,0.1,1,3218941
1,49746364,0.2,1,3218942
5,49757414,0.1,3,3218995
5,49759801,0.5,3,3219001
1,49759802,0.3,1,3219002
8,49759804,11.5,1,3219003
4,49759821,9,1,3219004
1,49759826,0.2,1,3219005
1,49759846,3.2,1,3219006
5,49745180,0.07,3,3219026
5,49745208,1.12,3,3219027
16,49745212,15.8,1,3219028
1,49746376,13,1,3219029
12,49746417,8,1,3219030
5,49746428,0.07,3,3219031
5,49867760,0.105,3,3223190
1,49867765,0.5,1,3223191
5,49867789,0.64,3,3223192
12,49879664,2.8,1,3223263
1,49879668,4.8,1,3223264
2,49879685,0.5,1,3223265
5,49864185,4,1,3223281
1,49864207,0.3,1,3223282
5,49864208,0.017,3,3223283
12,49865412,5.17,1,3223284
17,49865413,0,,3223285
17,49865415,1.75,1,3223286
4,49865433,3.5,1,3223287
1,49879737,0.03,1,3223358
5,49864259,1.09,3,3223366
12,49864266,47,1,3223367
12,49865495,16,1,3223374
5,49871400,0.106,3,3223411
5,49872543,0.035,3,3223416
1,49872560,0.4,1,3223417
12,49877397,1.3,1,3223430
5,49877398,0.405,3,3223431
5,49880644,1,3,3223454
12,49863141,7,1,3223455
5,49863168,1,9,3223456
1,49945099,0.3,1,3227625
1,49945101,2,1,3227626
5,49945120,1,11,3227627
1,49945121,1,1,3227628
1,49945134,0.05,1,3227629
5,49948631,0.14,3,3227650
5,49949835,0.38,3,3227660
2,49949837,0.3,1,3227661
1,49949838,0.2,1,3227662
12,49949839,0.7,1,3227663
2,49957201,0.3,1,3227688
5,49957220,0.02,3,3227689
1,49957221,1,1,3227690
2,49947598,0.9,1,3227724
2,49947601,0.6,1,3227725
5,49947605,0.187,3,3227726
2,49949889,0.4,1,3227735
5,49949890,0.8,3,3227736
5,49949910,0.3,3,3227737
12,49951112,1,1,3227738
1,49951113,0.4,1,3227739
5,49952373,0.42,3,3227748
1,49953582,0.3,1,3227752
1,49953584,0.2,1,3227753
12,49953590,3.5,1,3227754
5,49953597,0.11,3,3227755
5,49957240,7.3,1,3227760
5,49957261,32,1,3227761
5,49957271,3.61,3,3227762
1,49957284,0.2,1,3227763
5,49947639,1,11,3227792
5,49947641,14.32,3,3227793
5,49947667,0.229,3,3227794
1,49949931,0.2,1,3227797
2,49949970,3.9,1,3227798
1,49957311,0.2,1,3227810
1,49941664,14.5,1,3227827
5,49941683,0.224,3,3227828
16,49941684,1,9,3227829
1,49941711,0.4,1,3227830
17,49948903,1,11,3227860
2,49951289,0.1,1,3227865
5,49951301,0.49,3,3227866
1,49951312,2,1,3227867
5,49953685,0.345,3,3227871
5,49953705,0.88,3,3227872
5,49958143,0.07,1,3227885
1,49958175,0.9,1,3227886
1,49958176,0.1,1,3227887
5,49958211,0.07,3,3227888
1,49941744,0.2,1,3227893
16,49941794,1,11,3227894
5,49941795,0.2,3,3227895
5,49897996,0.11,3,3232107
1,49898016,0.02,1,3232108
5,49885789,4,1,3232139
5,49885790,0.811,3,3232140
5,49888183,0.15,3,3232143
5,49888211,433,1,3232144
5,49888212,0.7,1,3232145
5,49888216,29.9,1,3232146
5,49888219,0.233,3,3232147
2,49888221,0.5,1,3232148
1,49888247,0.1,1,3232149
1,49896818,0.05,1,3232172
1,49896838,0.3,1,3232173
1,49896855,0.2,1,3232174
5,49896858,1,11,3232175
5,49898055,0.246,3,3232176
12,49898089,1.1,1,3232177
5,49885839,0.28,3,3232227
5,49885851,0.495,3,3232228
1,49896899,25,1,3232259
5,49896902,0.07,3,3232260
1,49896917,0.6,1,3232261
17,49898109,0,,3232263
4,49898110,0.1,1,3232264
5,49999197,0.1,3,3236574
2,50001636,0.8,1,3236594
5,50001709,0.7,3,3236727
5,50005304,1.46,3,3236741
5,50005308,0.22,3,3236742
16,50005314,34,9,3236743
5,50005320,0.41,3,3236744
16,50066685,10,9,3241059
5,50066686,0.35,3,3241060
1,50421354,0.1,1,3267831
5,50421357,8.8,1,3267832
5,50421368,0.008,3,3267833
5,50421369,0.4,3,3267834
12,50428554,0.84,1,3267866
15,50428560,0.25,1,3267867
12,50428567,15.35,1,3267868
12,50428577,0.4,1,3267869
5,50428580,1,11,3267870
5,50421374,0.001,3,3267904
5,50421377,0.08,3,3267905
16,50421385,14,9,3267906
16,50421386,3,9,3267907
5,50421393,1.33,3,3267908
5,50421396,0.445,3,3267909
16,50421403,8,9,3267910
16,50421405,23,9,3267911
5,50421418,1.48,3,3267912
13,50421422,1,9,3267913
5,50421427,0.25,3,3267914
5,50421430,0.074,3,3267915
5,50421432,6.2,1,3267916
5,50421438,0.67,3,3267917
16,50426226,1,9,3267929
5,50426227,0.28,1,3267930
5,50426236,2,1,3267931
2,50427462,0.2,1,3267936
1,50429820,4.17,1,3267940
2,50429838,0.5,1,3267941
16,50429840,1,9,3267942
1,50429850,2.5,1,3267943
1,50429873,6,1,3267944
5,50429878,28,1,3267945
16,50429879,1,9,3267946
5,50431123,0.16,3,3267949
5,50431136,2.8,1,3267950
17,50431139,0.1,1,3267951
5,50435899,0.17,3,3267960
5,50435900,16,1,3267961
5,50437886,1.05,1,3267968
12,50437901,4,1,3267969
5,50423904,0.01,3,3267985
5,50426306,1,3,3267993
5,50426307,1,3,3267994
5,50426308,1,3,3267995
5,50426309,2,3,3267996
5,50426310,1,3,3267997
5,50426313,1,3,3267998
5,50426321,0.28,3,3267999
5,50426322,0.001,9,3268000
5,50426331,0.25,3,3268001
5,50429890,22.4,1,3268010
5,50429895,2,1,3268011
5,50429898,0.05,1,3268012
12,50429910,1,1,3268013
5,50432400,1.5,1,3268018
1,50437946,2.6,1,3268040
8,50437956,0.8,1,3268041
5,50437959,8.6,1,3268042
5,50437960,0.07,3,3268043
5,50437972,0.11,3,3268044
5,50437973,4.1,1,3268045
5,50426354,0.025,3,3268072
5,50429963,1.8,1,3268087
5,50429985,0.14,3,3268088
5,50430001,0.03,3,3268089
5,50430007,0.32,3,3268090
5,50430009,0.185,3,3268091
5,50430012,0.001,9,3268092
2,50431301,0.7,1,3268096
5,50431308,2,9,3268097
2,50432436,3.28,1,3268098
8,50432442,63.5,9,3268099
5,50432444,73.1,1,3268100
5,50432461,11.5,1,3268101
5,50432474,11,1,3268102
8,50432480,5,9,3268103
5,50432481,9,1,3268104
5,50432489,0.02,3,3268105
5,50432493,0.2,3,3268106
5,50651529,1.068,1,3272304
5,50651541,0.016,1,3272305
2,50651542,0.55,1,3272306
8,50632909,2,9,3272319
5,50632910,15.098,1,3272320
5,50634067,1.72,1,3272321
1,50634071,0.5,1,3272322
2,50634079,1.9,1,3272323
5,50634080,3.45,1,3272324
5,50634095,2.07,1,3272325
2,50636520,0.58,1,3272342
1,50642408,0.019,1,3272367
5,50642413,7.3,1,3272368
16,50642423,3,9,3272369
2,50646002,0.9,1,3272374
2,50646019,1.4,1,3272375
2,50632913,0.17,1,3272396
5,50632915,1.89,1,3272397
5,50632919,7.96,1,3272398
5,50634159,229.5,1,3272403
5,50639040,0.014,1,3272415
5,50639046,0.048,1,3272416
5,50639066,8.056,1,3272417
2,50641305,0.57,1,3272424
1,50641328,0.19,1,3272425
5,50641356,1.76,1,3272426
5,50641357,31.76,1,3272427
5,50641360,5.01,1,3272428
8,50642431,1.5,1,3272429
1,50642440,1.025,1,3272430
5,50644915,1.65,1,3272431
2,50637916,0.39,1,3272451
8,50639080,0.5,1,3272452
5,50639082,0.18,1,3272453
5,50639083,1.96,1,3272454
5,50639085,0.01,1,3272455
5,50639098,3.068,1,3272456
5,50639131,3.42,1,3272457
5,50641364,16.84,1,3272459
5,50642508,6.025,1,3272460
5,50642524,6.083,1,3272461
8,50644939,1,9,3272464
5,50644940,4.06,1,3272465
5,50644985,8.52,1,3272466
5,50633110,0.08,1,3272483
5,50633114,26.04,1,3272484
5,50635543,2.057,9,3272487
5,50635562,0.69,1,3272488
5,50635568,3.026,1,3272489
5,50635570,9.53,1,3272490
5,50635575,2.031,1,3272491
5,50635578,1.031,1,3272492
5,50639152,1,10,3272498
5,50640334,2.73,1,3272501
5,50640347,13.086,1,3272502
5,50640354,2.39,1,3272503
5,50640372,5.19,1,3272504
5,50640373,1.84,1,3272505
5,50641464,0.032,1,3272507
8,50641491,1.42,1,3272508
1,50641502,0.13,1,3272509
5,50645021,4.04,1,3272518
5,50645022,10.019,1,3272519
1,50645030,1.49,1,3272520
2,50645052,0.54,1,3272521
5,50645065,74.59,1,3272522
1,50645080,10.06,1,3272523
5,50653811,1.47,1,3279487
5,50653835,1.056,1,3279488
8,50658677,4.8,1,3279499
5,50658682,6.021,1,3279500
5,50658690,2.1,1,3279501
5,50658709,0.062,1,3279502
5,50658716,3.01,1,3279503
5,50658724,0.88,1,3279504
1,50668483,33.66,1,3279538
5,50668503,1.086,1,3279539
2,50668507,0.052,1,3279540
5,50653893,1.75,1,3279551
5,50656382,20.57,1,3279568
5,50659994,4.77,1,3279573
1,50660018,11.83,1,3279574
2,50660021,3.19,1,3279575
16,50663685,0.053,1,3279584
5,50663715,2.15,1,3279585
2,50668523,0.038,1,3279599
5,50668556,3.69,1,3279600
8,50654044,4.7,1,3279653
5,50654050,0.44,3,3279654
2,50654052,0.3,1,3279655
5,50658901,4.4,1,3279666
8,50658926,3,9,3279667
16,50658928,6,9,3279668
5,50658940,38.8,1,3279669
5,50658945,1,1,3279670
5,50658960,6.2,1,3279671
5,50658978,2.1,1,3279731
5,50658998,2.8,1,3279732
2,50658999,2.3,1,3279733
5,50659013,4.8,1,3279734
5,50659019,177,1,3279735
5,50659021,1.5,1,3279736
5,50659032,1.5,1,3279737
5,50659042,110,1,3279738
1,49600523,0.9,1,3210157
1,49599529,0.5,1,3210234
5,49599543,0.5,1,3210309
5,49599550,0.23,3,3210310
5,49599571,27,1,3210311
5,49642518,1.4,1,3214591
5,49643730,17.3,1,3214595
5,49643735,9.6,1,3214596
1,49629245,7.2,1,3214612
5,49629247,1.9,1,3214613
1,49629252,4.2,1,3214614
5,49629257,5.8,1,3214615
17,49631643,2.1,1,3214624
17,49631650,2.5,1,3214625
5,49631652,111.3,1,3214626
1,49631673,0.2,1,3214627
12,49631682,1.1,1,3214628
5,49631684,0.3,1,3214629
5,49632836,1.3,1,3214632
5,49632878,1,1,3214633
12,49634042,43,1,3214634
5,49634088,10.2,1,3214635
12,49634107,1.5,1,3214636
1,49636452,12.2,1,3214642
5,49636456,1.1,1,3214643
5,49637641,0.3,1,3214645
5,49642543,43,1,3214653
12,49642558,0.4,1,3214654
5,49642573,7.4,1,3214655
17,49642591,2,9,3214656
17,49634114,2.9,1,3214691
5,49634140,3,1,3214692
2,49636653,0.5,1,3214761
5,49637847,19.2,1,3214765
12,49637852,1.9,1,3214766
5,49631870,3.2,1,3214807
5,49631888,22.6,1,3214808
1,49631890,0.1,1,3214809
2,49631922,55.7,1,3214810
5,49636681,9.8,1,3214831
5,49636684,14.6,1,3214832
5,49636713,4,1,3214833
5,49637866,0.1,1,3214834
1,49637868,10.7,1,3214835
2,49637879,1.4,1,3214836
5,49637915,0.4,1,3214837
5,49641580,9.4,1,3214846
12,49641598,1.6,1,3214847
2,49641625,0.2,1,3214848
5,49642767,0.7,1,3214850
12,49642817,4.6,1,3214851
12,49746432,2,1,3219032
5,49752494,4.1,1,3219058
5,49757438,265,1,3219077
1,49757439,0.2,1,3219078
5,49757450,0.14,3,3219079
12,49757479,1.7,1,3219080
5,49757497,0.1,3,3219081
1,49757501,0.2,1,3219082
5,49759888,0.125,3,3219086
5,49745288,0.18,3,3219110
2,49745295,0.01,1,3219111
4,49757510,0.4,1,3219159
5,49751508,6.13,3,3219285
12,49751509,11,1,3219286
1,49751525,3.5,1,3219287
12,49751537,0.2,1,3219288
16,49751538,4.4,1,3219289
1,49751539,135.5,1,3219290
2,49755158,2.66,1,3219294
1,49755159,1,1,3219295
5,49866793,0.015,3,3223497
5,49872604,0.005,3,3223531
5,49872635,0.1,3,3223532
16,49863256,4.4,1,3223579
5,49870431,0.22,3,3223604
5,49870432,0.215,3,3223605
8,49870438,0.7,1,3223606
16,49879975,19.2,1,3223646
17,49880020,1,9,3223647
2,49863260,0.01,1,3223658
5,49948935,16.394,3,3227912
5,49950152,0.194,3,3227915
1,49951319,82,1,3227916
2,49951321,1,11,3227917
1,49951330,3,1,3227918
8,49958217,2.2,1,3227937
17,49941798,0.17,3,3227943
1,49941799,0.2,1,3227944
12,49941806,0.1,1,3227945
1,49941843,0.01,1,3227946
5,49945481,0.135,3,3227957
5,49945509,0.243,3,3227958
1,49945512,0.2,1,3227959
5,49950171,3.275,3,3227963
5,49950183,0.35,3,3227964
5,49951412,0.155,3,3227965
2,49951439,0.3,1,3227966
4,49952672,11.35,1,3227968
1,49941872,60,1,3227989
16,49941880,77,9,3227990
5,49946795,6,1,3228003
12,49946846,2.9,1,3228004
2,49951475,0.5,1,3228018
4,49951503,0.01,1,3228019
5,49951509,0.05,3,3228020
2,49951521,0.1,1,3228021
5,49952751,1.9,1,3228022
5,49958377,0.088,3,3228036
12,49940736,2.2,1,3228038
12,49940737,3.6,1,3228039
1,49940779,1,1,3228040
5,49940780,0.14,3,3228041
17,49940786,0.75,1,3228042
5,49944448,0.27,3,3228057
1,49952764,0.2,1,3228089
5,49957735,6.5,1,3228103
1,49958487,0.4,1,3228107
1,49958489,0.21,1,3228108
5,49958501,1.305,3,3228109
1,49944488,0.5,1,3228125
5,49944505,1.2,1,3228126
2,49944506,1,11,3228127
5,49894631,0.28,3,3232469
5,49894651,0.03,1,3232470
1,49894655,0.6,1,3232471
1,49897103,2.9,1,3232473
1,49882441,3.8,1,3232486
5,49882452,1.25,3,3232487
12,49882458,12.4,1,3232488
16,49882469,1,9,3232489
5,49887294,90.72,3,3232518
5,49887297,2.345,3,3232519
5,49887322,0.11,3,3232520
1,49999374,16.3,1,3236833
5,50001740,0.06,3,3236844
5,50060891,0.03,3,3241443
1,50411170,0.1,1,3259430
5,50411171,5,1,3259431
12,50411183,0.4,1,3259432
1,50403019,1,1,3259474
5,50403022,0.01,1,3259475
5,50403026,7.2,1,3259476
5,50405393,2574.04,1,3259477
2,50405401,4.71,1,3259478
5,50414916,3.7,1,3259507
16,50418463,1,9,3259514
5,50436067,0.1,3,3268111
5,50436088,0.155,3,3268112
5,50436097,2,10,3268113
5,50438055,0.039,3,3268121
5,50420433,1,3,3268125
5,50420436,2,3,3268126
5,50420437,2,3,3268127
5,50420439,1,3,3268128
8,50420441,71.2,1,3268129
1,50420476,0.5,1,3268130
5,50427663,5.4,3,3268151
2,50427665,1.2,1,3268152
8,50427666,2,3,3268153
5,50427671,0.01,1,3268154
5,50427676,0.1,3,3268155
12,50427677,1,11,3268156
5,50427683,1.9,3,3268157
5,50427684,0.2,3,3268158
5,50427689,0.79,3,3268159
5,50427698,0.28,3,3268160
5,50427700,7.4,1,3268161
5,50430037,0.076,3,3268167
5,50431309,3.8,1,3268169
5,50431317,0.2,3,3268170
5,50431321,0.26,3,3268171
2,50431331,3.7,1,3268172
16,50431332,152,9,3268173
15,50431369,0.001,9,3268174
5,50432511,1,3,3268175
1,50432522,0.003,1,3268176
16,50432537,1,9,3268177
5,50432538,12.1,1,3268178
8,50432547,0.001,7,3268179
5,50432551,11.5,1,3268180
2,50432559,4,1,3268181
16,50436124,48.1,1,3268190
2,50436130,0.5,1,3268191
5,50436134,1.02,3,3268192
5,50436170,0.03,3,3268193
5,50436171,0.395,3,3268194
16,50437386,0.9,1,3268199
5,50437388,2.25,3,3268200
1,50438067,0.2,1,3268201
2,50438074,1.1,1,3268202
5,50438075,0.085,3,3268203
5,50438110,0.06,3,3268204
5,50420487,2.7,1,3268206
12,50425332,0.4,1,3268222
5,50425339,2.8,1,3268223
5,50425344,22.4,1,3268224
5,50426507,392000,1,3268225
5,50426511,9.8,1,3268226
5,50426542,8.4,1,3268227
5,50426563,16.8,1,3268228
17,50426568,1,9,3268229
5,50427715,86.87,1,3268230
5,50427724,0.1,3,3268231
16,50427742,0.4,1,3268232
15,50427755,6,9,3268233
5,50427760,6.9,1,3268234
8,50427761,0.001,9,3268235
5,50427776,4.2,1,3268236
2,50431386,5.3,1,3268243
5,50431389,7.1,1,3268244
5,50431396,0.056,3,3268245
5,50431408,0.006,3,3268246
5,50437396,0.185,3,3268265
5,50437397,7,1,3268266
5,50437405,0.014,3,3268267
5,50437409,0.165,3,3268268
5,50437410,1.145,3,3268269
5,50437422,3.6,1,3268270
5,50422992,3.75,3,3268290
5,50422995,0.001,1,3268291
5,50422997,1.7,1,3268292
5,50423002,4.8,1,3268293
5,50423017,0.003,3,3268294
5,50423020,1.8,1,3268295
15,50423024,0.2,1,3268296
2,50423036,3.4,1,3268297
5,50425367,3,1,3268302
1,50426592,3,1,3268307
5,50426607,2.8,1,3268308
5,50426634,1,3,3268309
5,50426635,1,3,3268310
5,50426636,0,3,3268311
5,50426638,1,3,3268312
5,50427777,7.6,1,3268313
5,50427780,0.25,3,3268314
5,50427787,8.2,1,3268315
5,50427789,5.5,1,3268316
2,50427807,1.3,1,3268317
1,50427815,0.3,1,3268318
5,50427816,0.21,3,3268319
5,50427835,0.035,3,3268320
2,50427839,6.2,1,3268321
5,50431524,0.62,3,3268336
2,50431525,1,1,3268337
5,50431532,1,3,3268338
5,50437489,1,3,3268354
5,50437492,0.39,3,3268355
5,50437500,0.09,3,3268356
5,50437507,0.12,1,3268357
1,50437508,0.001,1,3268358
5,50437513,0.055,3,3268359
5,50437521,0.001,1,3268360
5,50437526,0.35,3,3268361
5,50437533,0.01,3,3268362
5,50438258,0.015,3,3268364
15,50438267,2.5,9,3268365
5,50438269,0.095,3,3268366
5,50438271,0.002,3,3268367
12,50438274,6.4,1,3268368
5,50438280,8.4,1,3268369
15,50438284,1,9,3268370
2,50438286,4.001,1,3268371
2,50421856,0.069,1,3268376
5,50421871,0.13,3,3268377
5,50421882,0.265,3,3268378
5,50421888,0.013,3,3268379
5,50423063,7.7,1,3268380
5,50633151,12.24,1,3272548
5,50633152,0.025,1,3272549
5,50633156,40.54,1,3272550
5,50633158,5.39,1,3272551
5,50633179,0.89,1,3272552
8,50633198,1.44,1,3272553
2,50640381,0.75,1,3272565
5,50640397,34.032,1,3272566
16,50640400,1,9,3272567
2,50640434,0.53,1,3272568
8,50641553,1,9,3272569
2,50641561,1.97,1,3272570
5,50645086,4.12,1,3272577
5,50645101,430.91,1,3272578
5,50645103,4.09,1,3272579
5,50645131,7.088,1,3272580
5,50645136,2.08,1,3272581
5,50645138,6.056,1,3272582
5,50645140,2.37,1,3272583
5,50645153,4.78,1,3272584
15,50633224,37,9,3272601
5,50633227,2.75,1,3272602
8,50638127,4.32,1,3272615
5,50638145,1.43,1,3272616
5,50644035,7.05,1,3272639
2,50645157,7.13,1,3272640
2,50645160,23.36,1,3272641
5,50638169,2.52,1,3272663
8,50638201,1.024,1,3272664
5,50644043,1,10,3272672
5,50644046,0.55,1,3272673
1,50644073,1.021,1,3272674
12,50644076,209.69,1,3272675
5,50644084,0.055,1,3272676
5,50640607,6.06,1,3272709
2,50640661,0.02,1,3272710
8,50640673,1,9,3272711
2,50646565,0.26,1,3272725
5,50646571,7.28,1,3272726
5,50650161,2.03,1,3272731
5,50650162,110.05,1,3272732
5,50650189,2.68,1,3272733
16,50650198,0.8,1,3272734
12,50650210,3.4,1,3272735
5,50650228,7.46,3,3272736
5,50640677,11.93,1,3272763
5,50640683,13.31,1,3272764
5,50644194,0.12,1,3272769
5,50644196,7.42,1,3272770
5,50644208,7.05,1,3272771
5,50644216,112.56,1,3272772
8,50644222,1,9,3272773
5,50646630,4.39,1,3272779
5,50646647,63.15,1,3272780
5,50646660,1.76,1,3272781
5,50649040,3.6,1,3272785
2,50649053,0.091,1,3272786
5,50649076,4.02,1,3272787
5,50650229,0.5,3,3272788
5,50650232,0.12,3,3272789
5,50650265,0.35,3,3272790
5,50650284,0.37,3,3272791
16,50650286,2,9,3272792
5,50650287,0.85,3,3272793
5,50650292,0.29,3,3272794
5,50634758,0.34,1,3272805
1,50634763,0.48,1,3272806
5,50634764,10.73,1,3272807
5,50634768,5.14,1,3272808
5,50634773,0.072,1,3272809
5,50634778,0.07,1,3272810
4,49599623,0.1,1,3210376
5,49599662,12.5,1,3210377
5,49598643,0.2,3,3210493
5,49598664,22.5,3,3210494
12,49602179,1.201,1,3210508
16,49602196,26,9,3210558
16,49602219,1,11,3210559
5,49602220,3.7,3,3210560
5,49602255,0.81,3,3210561
5,49602256,0.32,3,3210562
5,49631968,4.2,1,3214872
5,49631985,45997,1,3214873
17,49631987,3,9,3214874
5,49631989,1.8,1,3214875
1,49631993,0.2,1,3214876
2,49637930,0.2,1,3214888
5,49637932,0.3,1,3214889
5,49641639,1.4,1,3214900
2,49641641,0.5,1,3214901
5,49641686,3.4,1,3214902
5,49641696,9.9,1,3214903
2,49642905,6,1,3214904
5,49632002,126.3,1,3214927
12,49632013,3.7,1,3214928
2,49642954,0.3,1,3214948
2,49642955,0.2,1,3214949
5,49644147,29.3,1,3214950
5,49644170,0.6,1,3214951
5,49636933,807,1,3214997
5,49636939,0.4,1,3214998
17,49636950,1,9,3214999
17,49639358,0.5,1,3215005
2,49642986,0.01,1,3215011
1,49642990,4.5,1,3215012
5,49643001,0.345,3,3215013
5,49644201,3.6,1,3215016
12,49644220,0.4,1,3215017
2,49644233,0.8,1,3215018
5,49629802,4.4,1,3215038
1,49629822,2.4,1,3215039
12,49629831,2.1,1,3215040
5,49629832,6.3,1,3215041
17,49631011,7,9,3215045
5,49631023,1.1,1,3215046
12,49631026,1.4,1,3215047
1,49634564,0.1,1,3215056
5,49634565,32.8,1,3215057
12,49634602,2.8,1,3215058
12,49634604,1.3,1,3215059
5,49634621,3,1,3215060
5,49634627,6.1,1,3215061
5,49636976,49.7,1,3215063
5,49636977,3.8,1,3215064
5,49636980,5.6,1,3215065
5,49636981,35.8,1,3215066
2,49636987,0.7,1,3215067
5,49636988,3.4,1,3215068
5,49637012,1.2,1,3215069
5,49639374,3.2,1,3215074
12,49639380,2.4,1,3215075
5,49639401,1.4,1,3215076
12,49639423,0.9,1,3215077
5,49641879,46.1,1,3215080
5,49641882,21.2,1,3215081
5,49641887,6.1,1,3215082
5,49641903,1.8,1,3215083
2,49641906,27.1,1,3215084
5,49641919,42.4,1,3215085
12,49641922,0.4,1,3215086
17,49629837,0.49,1,3215111
5,49629847,0.3,1,3215112
5,49629850,3.8,1,3215113
1,49629867,0.07,1,3215114
5,49629877,11.7,1,3215115
1,49629879,2.1,1,3215116
2,49629889,7.5,1,3215117
17,49629900,0.5,1,3215118
5,49629905,68.8,1,3215119
5,49631032,18.1,1,3215120
1,49631053,5.6,1,3215121
5,49631061,2.1,4,3215122
1,49631092,3.5,1,3215123
5,49632236,4.7,1,3215125
5,49632237,18,1,3215126
2,49632263,0.6,1,3215127
12,49632276,0.3,1,3215128
5,49632286,11.5,1,3215129
1,49632297,0.1,1,3215130
1,49633481,0.3,1,3215136
5,49634640,1.4,1,3215137
5,49634642,0.8,1,3215138
5,49634649,28.7,1,3215139
5,49745482,0.48,3,3219334
17,49745483,0,,3219335
5,49745529,1.9,3,3219336
5,49750381,0.01,1,3219356
5,49751553,1.31,3,3219357
2,49751556,2.6,1,3219358
12,49751569,0.176,3,3219359
4,49751581,1.4,1,3219360
5,49752787,0.8,1,3219361
1,49752804,1.1,1,3219362
5,49745545,0.39,3,3219402
17,49745561,0,,3219403
1,49745562,0.6,1,3219404
5,49750404,0.02,3,3219434
5,49750407,0.158,3,3219435
5,49750409,0.854,3,3219436
5,49750410,0.158,3,3219437
5,49751624,0.176,3,3219438
4,49751625,2.7,1,3219439
2,49752847,0.2,1,3219444
1,49752849,7.9,1,3219445
4,49752860,0.5,1,3219446
12,49752871,7,1,3219447
5,49752914,0.071,3,3219454
2,49752915,1.5,1,3219455
5,49752916,0.58,3,3219456
4,49752923,0.1,1,3219526
16,49752982,4.4,1,3219527
1,49752988,0.2,1,3219528
5,49754174,3,3,3219531
2,49754199,2,9,3219532
5,49839214,0.15,3,3223968
5,49839218,0.14,3,3223969
5,49839250,0.017,1,3223970
16,49957782,13.5,9,3228191
5,49957790,0.14,3,3228192
1,49943351,0.2,1,3228199
4,49943372,2.1,1,3228200
5,49943379,0.035,3,3228201
5,49943389,0.05,3,3228202
1,49943390,0.2,1,3228203
2,49944555,0.001,1,3228204
12,49945793,2,1,3228205
5,49945802,50.135,3,3228206
5,49945831,0.43,3,3228207
1,49903357,0.5,1,3228246
5,49903394,4,1,3228315
2,49903414,0.001,1,3228316
5,49903420,0.038,3,3228317
5,49903435,0.9,3,3228318
12,49903451,2.8,1,3228319
5,49903472,1,11,3228413
1,49903474,0.8,1,3228414
5,49903477,3,1,3228415
1,50000742,0.2,1,3237088
5,50001954,0.37,3,3237089
5,50001957,0.07,3,3237090
5,50011580,0.26,3,3237191
5,50011587,0.15,3,3237192
12,50000757,1.8,1,3237245
5,50001972,0.13,3,3237246
2,50001987,0.3,1,3237247
5,50001988,0.2,3,3237248
12,50002003,0.7,1,3237249
5,50002005,0.2,3,3237250
12,50073289,0.9,1,3241511
5,50073299,0.17,3,3241512
12,50073316,0.4,1,3241611
12,50073335,0.3,1,3241612
7,50073349,56,9,3241613
5,50418478,1.8,1,3259515
5,50418479,148.4,1,3259516
5,50418486,2.8,1,3259517
5,50418516,5,1,3259518
5,50403029,12,1,3259524
5,50403041,0.84,1,3259525
5,50410151,2.5,1,3259553
10,50410158,1.2,1,3259554
12,50410163,0.01,1,3259555
5,50410171,114.8,1,3259556
5,50414921,9.32,1,3259574
16,50414923,1,9,3259575
5,50414931,28,1,3259576
17,50414942,1.68,1,3259577
5,50414955,8.4,1,3259578
5,50414961,98,1,3259579
17,50414963,1,1,3259580
1,50414969,11.79,1,3259581
1,50414971,1,1,3259582
5,50414982,0.2,1,3259583
5,50414990,19.6,1,3259584
5,50410210,10.6,1,3259623
1,50415016,5.3,1,3259635
5,50415025,1,1,3259636
5,50415029,4,1,3259637
5,50415047,0.28,1,3259638
5,50415052,266,1,3259639
5,50415054,57.12,1,3259640
15,50417529,4,9,3259722
5,50417563,4.2,1,3259782
1,50417564,16.65,1,3259783
5,50417567,19.5,1,3259784
12,50417596,28,1,3259785
12,50417600,3,1,3259786
12,50417601,1,9,3259787
12,50417607,8.4,1,3259788
5,50427855,0.057,3,3268397
1,50431575,2.7,1,3268409
11,50431576,45.5,1,3268410
5,50431577,0.13,3,3268411
5,50431592,0.9,3,3268412
5,50431602,0.28,3,3268413
5,50435139,0.28,3,3268420
5,50435154,2.3,1,3268421
5,50435155,4.1,1,3268422
5,50435165,0.01,3,3268423
5,50435166,0.235,3,3268424
2,50435179,0.3,1,3268425
5,50435206,0.9,1,3268426
5,50437541,0.4,3,3268429
5,50437550,0.345,3,3268430
5,50437556,0.025,3,3268431
2,50437595,31,1,3268434
5,50438290,0.035,3,3268435
5,50438294,0.265,3,3268436
5,50438298,11.6,1,3268437
5,50438334,0,,3268438
5,50438358,0,,3268439
5,50421915,22.1,1,3268445
12,50421916,0.6,1,3268446
5,50421947,0,,3268447
5,50421949,0,,3268448
12,50421955,0,,3268449
8,50421957,0,,3268450
5,50426754,4.5,1,3268474
12,50426757,0.5,1,3268475
5,50430387,15.49,3,3268490
5,50430396,0.12,3,3268491
5,50639636,0.001,1,3272827
5,50639637,2.48,1,3272828
1,50639638,0.001,1,3272829
5,50639648,7.017,1,3272830
5,50639649,0.72,1,3272831
5,50639655,0.004,1,3272832
5,50639657,8.047,1,3272833
5,50639661,0.19,1,3272834
8,50645469,0.82,1,3272857
8,50645483,25,9,3272858
5,50645485,0.46,1,3272859
5,50646673,4.13,1,3272860
5,50649095,2.47,1,3272873
5,50649126,7.08,1,3272874
5,50649136,3.32,1,3272875
5,50649137,1.055,1,3272876
8,50649140,4.83,1,3272877
5,50651136,0.08,3,3272891
5,50639689,2.031,1,3272911
5,50639693,1.05,1,3272912
2,50639708,0.02,1,3272913
5,50639710,13.07,1,3272914
5,50639734,1.88,1,3272915
16,50640872,1,9,3272917
16,50640891,6,9,3272918
5,50640901,0.063,1,3272919
2,50637333,2.044,1,3272985
1,50637351,2.3,1,3272986
5,50637364,10.076,1,3272987
2,50637367,7.59,1,3272988
5,50637368,0.78,1,3272989
5,50637374,5.37,1,3272990
2,50645634,0.032,1,3273005
5,50645639,6.78,1,3273006
5,50645640,56.89,1,3273007
5,50645660,1.84,1,3273008
5,50645663,2.1,1,3273009
5,50648084,1.35,1,3273013
5,50649238,45.84,1,3273014
5,50649256,11.05,1,3273015
8,50649291,4,9,3273016
5,50649295,1.71,1,3273017
5,50633781,13.66,1,3273026
2,50633808,0.016,1,3273027
1,50633810,0.06,1,3273028
5,50633822,5.75,1,3273029
16,50633824,14,9,3273030
5,50608235,0.51,1,3273065
5,49717048,0.148,3,3210774
1,49721832,0.3,1,3210779
1,49721835,1.8,1,3210780
5,49721845,0.1,3,3210781
17,49723073,0.08,1,3210782
2,49723075,3.4,1,3210783
5,49723113,0.004,3,3210784
2,49724332,0.3,1,3210788
17,49724333,96,9,3210789
5,49724335,331,1,3210790
1,49707277,0.052,1,3210794
2,49708490,3,1,3210795
1,49708512,0.5,1,3210796
5,49708539,0.088,3,3210797
8,49709739,0.001,1,3210800
16,49712130,17.4,1,3210807
2,49712131,0.7,1,3210808
1,49712185,0.3,1,3210809
5,49712189,1,11,3210810
5,49713357,0.435,3,3210811
5,49713385,4,3,3210812
5,49713387,2.75,3,3210813
5,49717108,0.12,3,3210820
5,49719534,2.7,1,3210826
12,49719537,0.9,1,3210827
5,49720721,35.6,1,3210828
5,49721910,0.7,1,3210829
5,49721947,14,1,3210830
1,49721949,2,9,3210831
1,49723146,17,1,3210832
5,49723159,0.17,3,3210833
4,49724344,0.6,1,3210835
5,49668045,0.07,3,3210843
1,49668062,1.2,1,3210844
5,49668072,24,1,3210845
5,49708575,2.5,1,3210848
1,49708613,0.3,1,3210849
8,49708616,1,11,3210850
2,49710997,0.3,1,3210855
1,49711004,0.2,1,3210856
2,49711005,4.9,1,3210857
1,49712202,0.6,1,3210858
5,49712203,0.02,3,3210859
1,49712224,0.35,1,3210860
5,49713424,14.7,1,3210864
1,49714648,0.4,1,3210865
1,49714697,0.05,1,3210866
16,49715866,12.5,3,3210867
5,49715870,1,11,3210868
5,49717168,0.2,3,3210871
5,49717178,1,11,3210872
12,49717206,0.5,1,3210873
5,49719573,5.5,1,3210881
5,49719597,4,1,3210882
5,49719612,4.3,1,3210883
5,49720779,0.32,3,3210884
1,49720832,60.1,1,3210885
5,49723239,0.091,3,3210886
5,49723257,0.1,3,3210887
1,49723262,0.05,1,3210888
17,49723272,0,,3210889
5,49711055,0.21,3,3210913
1,49711057,0.002,1,3210914
2,49711069,0.7,1,3210915
4,49711110,7,1,3210916
5,49711113,0.3,3,3210917
2,49714739,1.7,1,3210926
1,49714744,0.05,1,3210927
2,49714747,0.3,1,3210928
5,49714750,1,11,3210929
2,49637038,2.8,1,3215141
12,49637053,3.8,1,3215142
5,49637070,3.8,1,3215143
5,49638238,11.9,1,3215144
5,49638239,6,1,3215145
17,49638242,10,9,3215146
5,49638249,12.3,1,3215147
2,49640785,0.3,1,3215154
12,49640788,6.4,1,3215155
2,49640806,0.2,1,3215156
17,49643191,3.2,1,3215166
5,49643193,3.7,1,3215167
12,49643195,1.4,1,3215168
5,49646818,1,3,3215176
1,49646841,0.25,1,3215177
5,49629907,1.9,1,3215182
1,49629909,0.7,1,3215183
5,49631104,2.9,1,3215185
5,49631112,0.4,1,3215186
12,49631125,1,1,3215187
5,49631136,14.9,1,3215188
5,49632321,132.35,3,3215192
1,49640850,0.3,1,3215210
1,49642014,0.5,1,3215213
1,49642027,0.6,1,3215214
1,49642029,0.6,1,3215215
1,49642042,2,1,3215216
12,49643242,0.4,1,3215217
12,49643247,3.2,1,3215218
12,49643252,0.6,1,3215219
5,49643254,2,1,3215220
1,49646860,0.5,1,3215225
5,49646863,0.25,3,3215226
12,49646910,1.5,1,3215227
1,49646920,0.4,1,3215228
1,49646928,0.2,1,3215229
1,49646932,0.1,1,3215230
5,49634833,16.5,1,3215251
5,49636052,25.2,1,3215253
1,49638402,67.9,1,3215257
2,49638432,2.3,1,3215258
5,49638437,404,1,3215259
5,49638439,24,1,3215260
5,49642124,1.5,1,3215266
5,49642140,2.4,1,3215267
1,49642153,0.1,1,3215268
5,49643283,12.8,1,3215269
5,49643305,0.8,1,3215270
2,49643311,0.2,1,3215271
1,49647757,1.3,1,3215284
12,49631296,2.1,1,3215292
2,49631304,3.5,1,3215293
5,49632517,4.3,1,3215299
1,49632524,0.2,1,3215300
5,49633693,1.6,1,3215301
5,49633700,7.2,1,3215302
12,49633705,39.8,1,3215303
12,49633713,4.1,1,3215304
1,49633722,0.2,1,3215305
12,49634865,8.6,1,3215306
12,49634867,4.5,1,3215307
5,49634875,31.6,1,3215308
5,49634889,1.7,1,3215309
5,49634918,229.9,1,3215310
12,49636087,0.7,1,3215312
5,49636101,7.1,1,3215313
5,49636119,0.1,1,3215314
5,49637325,3.8,1,3215315
17,49638472,3.5,9,3215316
5,49638483,9,1,3215317
5,49638485,44.8,4,3215318
5,49638487,1.3,1,3215319
1,49638498,2.2,1,3215320
12,49642160,0.8,1,3215326
2,49642182,0.1,1,3215327
5,49642201,6.6,1,3215328
5,49647781,0.06,3,3215345
1,49647828,0.5,1,3215346
2,49647829,0.017,3,3215347
5,49630178,2.2,1,3215350
5,49631367,12.7,1,3215353
12,49632531,1.7,1,3215354
2,49632553,0.3,1,3215355
5,49632566,0.2,1,3215356
1,49632570,0.9,1,3215357
5,49632581,45.9,1,3215358
5,49633743,0.6,1,3215359
2,49634972,6.2,1,3215363
17,49634975,22.7,1,3215364
5,49634990,37.7,1,3215365
5,49636135,1.2,1,3215366
17,49636142,4,9,3215367
5,49636170,4.2,1,3215368
5,49636177,1.5,1,3215369
12,49636200,0.9,1,3215370
2,49637339,1,1,3215371
5,49637380,3.6,1,3215372
1,49637382,6,1,3215373
1,49637388,6.1,1,3215374
5,49637398,0.04,1,3215375
2,49637402,0.8,1,3215376
5,49647842,0.155,3,3215402
12,49631412,0.9,1,3215410
5,49632620,2.1,1,3215412
1,49632621,1.8,1,3215413
2,49632622,1.4,1,3215414
12,49750632,0.2,1,3219597
5,49754228,0.105,3,3219601
1,49754241,4.9,1,3219602
5,49754268,0.155,3,3219603
5,49754269,6,1,3219604
5,49754270,1.5,1,3219605
5,49754275,0.23,3,3219606
5,49754280,0.04,1,3219607
5,49747047,2.2,3,3219656
2,49749431,5.4,1,3219661
2,49749436,0.046,3,3219662
1,49749455,0.4,1,3219663
5,49749469,0.23,3,3219664
5,49749474,0.003,3,3219665
1,49750634,0.4,1,3219666
1,49750655,0.2,1,3219667
1,49751856,5,1,3219673
1,49751899,1.4,1,3219674
2,49751901,0.32,1,3219675
1,49749497,4.1,1,3219723
5,49749511,7.5,1,3219724
4,49749539,0.01,1,3219725
1,49749540,10.1,1,3219726
1,49751962,5,1,3219732
2,49747166,0.8,1,3219783
1,49747169,0.6,1,3219784
5,49752021,3.17,3,3219791
5,49753295,6.6,3,3219797
5,49753312,0.11,3,3219853
5,49753313,0.101,3,3219854
5,49753317,3.5,1,3219855
5,49833273,0.125,3,3224149
5,49838234,0.2,3,3224161
5,49838236,1.9,3,3224162
1,49840676,0.2,1,3224167
1,49840682,2.9,1,3224168
5,49838283,16,4,3224237
1,49838307,0.04,1,3224238
5,49838315,0.01,3,3224239
5,49841577,0.158,3,3224297
5,49841594,0.07,3,3224298
5,49904742,8.7,1,3228473
1,49903744,0.8,1,3228635
2,49903746,0.3,1,3228689
5,49903772,0.09,3,3228690
5,50004442,0.1,3,3237419
5,50004443,0.11,3,3237420
5,50004464,0.02,3,3237421
12,50004466,0.3,1,3237422
5,50000964,0.044,3,3237537
12,50010622,3,1,3237604
2,50059985,0.4,1,3241898
12,50060018,0.7,1,3241899
12,50060021,0.3,1,3241900
5,50060024,0.05,3,3241901
16,50060028,2.5,1,3241902
1,50060034,2.1,1,3241903
4,50060065,0.2,1,3242024
5,50060078,0.11,3,3242025
16,50060086,0.6,1,3242026
1,50060102,2.4,1,3242027
5,50417631,8.12,1,3259839
12,50417634,23.55,1,3259840
2,50414097,3,1,3259889
12,50403488,1,1,3259923
5,50403521,0.28,1,3259924
1,50403522,28,1,3259925
5,50403529,0.14,1,3259926
5,50403542,2,1,3259927
17,50403547,28,1,3259928
1,50403549,1,1,3259929
1,50404728,0.3,1,3259932
5,50404738,3.75,1,3259933
5,50404739,8.4,1,3259934
1,50404741,3.8,1,3259935
16,50404744,0.1,1,3259936
5,50404748,0.1,1,3259937
16,50404754,3,9,3259938
5,50404757,14,1,3259939
1,50404766,0.21,1,3259940
5,50404770,7.03,1,3259941
5,50409438,28,1,3259953
1,50409451,0.9,1,3259954
12,50409459,1,1,3259955
5,50409469,2.8,1,3259956
5,50409470,2.8,1,3259957
5,50409491,28,1,3259958
10,50418537,1,1,3259984
16,50418538,9,9,3259985
5,50418570,14,1,3259986
12,50403567,0.96,1,3259999
12,50403570,3,1,3260000
5,50403572,4.2,1,3260001
5,50409499,0.28,1,3260027
5,50409533,1,3,3260028
5,50409534,1,3,3260029
5,50409535,0,3,3260030
5,50409540,1,3,3260031
2,50409545,0.375,1,3260032
15,50409549,0.1,1,3260033
5,50409552,0.4,1,3260034
1,50410679,0.7,1,3260039
5,50410687,12.4,1,3260040
5,50410700,12.32,1,3260041
5,50414251,0.19,3,3260054
15,50414273,6,9,3260055
8,50414274,0.8,1,3260056
5,50414292,90,3,3260057
16,50495537,0.5,1,3264436
5,50438816,1.345,3,3264437
5,50438818,4.9,1,3264438
5,50438819,1.14,3,3264439
5,50438820,20.7,1,3264440
16,50438831,146.6,1,3264441
16,50438866,1,9,3264442
13,50438867,6,9,3264443
5,50438872,0.335,3,3264444
5,50438885,19.94,1,3264445
5,50480050,1.14,1,3264454
2,50481245,0.36,1,3264455
16,50482464,12,9,3264456
5,50482469,0.089,3,3264457
16,50483666,1,11,3264461
5,50485938,0.164,3,3264467
12,50485943,0.55,1,3264468
5,50485969,1.17,1,3264469
4,50485971,0.32,1,3264470
5,50485990,0.811,3,3264471
12,50494417,7.67,1,3264487
5,50494419,3.9,1,3264488
5,50494420,5.3,1,3264489
5,50495582,0.006,1,3264490
5,50495596,0.002,3,3264491
5,50480086,60.03,1,3264499
5,50487217,0.075,3,3264515
5,50488367,1.1,1,3264516
5,50608327,2.1,1,3273155
1,50608351,3.54,1,3273156
5,50608357,0.86,1,3273157
16,50612616,1,9,3273162
16,50612620,3,9,3273163
12,50612625,1,11,3273164
5,50612657,2.1,1,3273165
5,50602222,5.5,1,3273183
16,50602225,70,9,3273184
5,50612929,9.21,1,3273264
5,50596338,1,1,3273288
2,50607347,1,11,3273309
2,50607357,7.96,1,3273310
16,50612986,5,9,3273317
5,50613021,3.57,1,3273318
16,50596348,1,9,3273334
5,50596354,1.76,1,3273335
12,50596364,1.28,1,3273336
12,50596404,0.4,1,3273337
15,50596406,5,9,3273338
12,50596413,0.22,1,3273339
12,50603678,11.3,1,3273347
5,50603691,4.22,1,3273348
5,50603712,11.74,1,3273349
5,50603713,0.1,1,3273350
1,50603716,1254.4,1,3273351
16,50606182,54,1,3273354
5,50606185,1,11,3273355
5,50667744,0.155,3,3278931
5,50667758,0.07,3,3278932
1,50670742,20.8,1,3278934
5,50653167,0.6,3,3278940
5,50653169,0.22,3,3278941
5,50653177,0.02,3,3278942
5,50664136,0.13,3,3278976
5,50664151,0.01,1,3278977
5,50664153,0,,3278978
5,50664155,25.4,1,3278979
5,50664159,0,,3278980
5,50664174,8.2,1,3278981
5,50664175,16,1,3278982
12,50664184,15.6,1,3278983
2,50667768,0.7,1,3278986
5,50667769,1.06,3,3278987
5,50667776,0.06,3,3278988
5,50667790,0.18,3,3278989
5,50654467,5.77,1,3279024
5,50654481,0.16,1,3279025
1,50659309,0.01,1,3279034
5,50659311,0.04,3,3279035
8,50659319,3.1,1,3279036
5,50659324,0.49,3,3279037
5,50664196,10.9,1,3279043
5,50664208,0.01,1,3279044
5,50664211,12.7,1,3279045
5,50664220,0.5,1,3279046
5,50664231,1.3,1,3279047
5,50669056,12.9,1,3279065
5,50669057,0,,3279066
5,50669058,66.9,1,3279067
2,50669059,0.7,1,3279068
5,50669067,8,1,3279069
5,50669074,0.3,1,3279070
5,50669078,10,1,3279071
5,50669109,0,,3279072
5,50654512,4.06,1,3279084
5,50654548,6.87,1,3279085
5,50658183,0.23,1,3279090
5,50658185,3.048,1,3279091
1,50658196,0.11,1,3279092
5,50658210,5.7,1,3279093
5,50659346,0.08,3,3279094
16,50659348,1.1,1,3279095
2,50659352,0.1,1,3279096
5,50659366,0.375,3,3279097
5,50659410,0.24,3,3279098
5,50659414,0.07,3,3279099
5,50664283,9.75,1,3279118
5,50664294,2.05,1,3279119
1,50664317,0.074,1,3279120
5,50664320,9.023,1,3279121
5,50664327,0.33,1,3279122
5,50664333,1.38,1,3279123
5,50666757,0.82,1,3279127
5,50669118,0.01,3,3279129
1,50669134,0.2,1,3279130
5,50669137,0.13,3,3279131
5,50669141,0.26,3,3279132
15,50669146,4,9,3279133
5,50669156,0.06,3,3279134
5,50669159,0.06,3,3279135
5,50669161,1.05,3,3279136
5,50669182,0.03,3,3279137
16,50653389,0.23,1,3279143
5,50654565,0.06,1,3279144
5,50654566,2.81,1,3279145
5,50654574,1.082,1,3279146
5,50654575,2.54,1,3279147
5,50654576,9.44,1,3279148
1,50654583,2.51,1,3279149
5,50658238,0.075,1,3279158
5,50658239,16.31,1,3279159
5,50659455,43.07,1,3279163
5,50659468,0.08,1,3279164
8,50659473,1,9,3279165
8,50663176,6.2,1,3279170
8,50664343,42,9,3279171
5,50664348,0.23,3,3279172
5,50664350,0.11,3,3279173
5,50664368,0.17,3,3279174
1,50664370,0.1,1,3279175
5,50664373,0.03,3,3279176
8,50666779,6,9,3279181
5,50666788,5.6,1,3279182
5,50666791,3.9,1,3279183
5,50666811,0.028,1,3279184
5,50666819,1.22,1,3279185
5,50669196,0.21,3,3279190
5,49714778,7,1,3210930
16,49715955,800,1,3210931
5,49715962,0.4,3,3210932
1,49715985,0.2,1,3210933
17,49715991,0,,3210934
5,49715992,0.05,3,3210935
1,49717247,0.01,3,3210936
16,49717248,1,11,3210937
5,49717253,5,3,3210938
5,49717285,0,3,3210939
5,49723314,0.215,3,3210949
4,49723317,0.03,1,3210950
4,49723321,1.1,1,3210951
12,49708760,0.7,1,3210976
5,49708762,0.9,3,3210977
5,49708766,0.2,3,3210978
2,49709935,0.4,1,3210979
5,49709958,0.17,3,3210980
5,49709989,0.226,3,3210981
12,49714841,10.7,1,3210993
1,49722138,27.2,1,3211018
5,49722164,0.077,3,3211019
2,49722175,0.4,1,3211020
1,49707584,1.19,1,3211034
5,49707587,0.557,3,3211035
2,49707597,1.02,1,3211036
1,49707599,5.1,1,3211037
5,49707616,0.35,3,3211038
5,49707617,6.66,3,3211039
5,49708849,0.22,3,3211040
1,49712422,2,1,3211050
2,49712432,0.8,1,3211051
5,49712447,2.92,3,3211052
1,49712466,0.3,1,3211053
2,49717399,0.1,1,3211067
17,49717412,0,,3211068
12,49717414,0.8,1,3211069
5,49717422,0.088,3,3211070
16,49717423,8.5,1,3211071
5,49718640,0.3,1,3211075
12,49719849,2.4,1,3211081
2,49721016,0.3,1,3211082
15,49721053,4,1,3211083
4,49721058,2.5,1,3211084
5,49722239,0.04,3,3211085
5,49722243,0.088,3,3211086
17,49722265,1,9,3211087
5,49723474,2.3,1,3211090
5,49723492,5.3,1,3211091
1,49707662,0.7,1,3211100
5,49707685,0.07,3,3211101
16,49707688,1,11,3211102
5,49707690,10.73,3,3211103
5,49707699,0.35,3,3211104
2,49708875,0.002,1,3211105
1,49710129,0.03,1,3211109
1,49712509,1.3,1,3211117
5,49712529,0.08,3,3211118
2,49712530,0.3,1,3211119
1,49712566,0.1,1,3211120
5,49713730,3.5,1,3211121
4,49713744,154,1,3211122
5,49713752,4,1,3211123
2,49713754,1.9,1,3211124
1,49714979,0.1,1,3211132
12,49718668,6.5,1,3211142
5,49718700,0.6,3,3211143
1,49718715,2.9,1,3211144
1,49718716,0.03,1,3211145
4,49719878,0.2,1,3211146
2,49719891,1988.63,1,3211147
1,49719896,1,1,3211148
5,49719923,4.6,1,3211149
5,49721084,0.04,3,3211150
16,49721121,2,1,3211151
17,49722291,1,11,3211152
2,49722357,0.15,1,3211153
1,49723517,0.04,1,3211154
5,49723532,2,1,3211155
1,49723575,0.5,1,3211156
5,49707718,0.06,3,3211165
15,49707721,1,1,3211166
12,49712581,7.7,1,3211174
5,49713829,0.018,3,3211179
1,49715015,0.2,1,3211180
5,49721154,10.05,1,3211202
5,49721164,0.4,1,3211203
1,49721170,0.1,1,3211204
5,49721172,2.1,1,3211205
5,49721174,23.2,1,3211206
5,49636216,3.28,3,3215424
12,49636218,0.1,1,3215425
12,49636234,10.7,1,3215426
5,49636236,0.032,3,3215427
5,49636279,0.06,3,3215428
2,49639882,0.1,1,3215441
17,49633918,1.5,1,3215484
5,49636318,0.224,3,3215490
5,49641193,2.1,1,3215512
5,49641225,5.1,1,3215513
2,49641245,0.4,1,3215514
12,49632792,1,1,3215542
12,49632822,0.6,1,3215543
2,49633979,3.7,1,3215544
2,49633982,17.3,1,3215545
5,49636402,3.9,1,3215554
5,49636421,3.1,1,3215555
2,49637567,0.1,1,3215556
12,49700206,32.7,1,3215579
5,49701465,0.1,3,3215596
5,49705043,0.1,3,3215606
1,49705050,1.4,1,3215607
1,49701489,0.2,1,3215674
5,49701494,547,1,3215675
4,49701510,0.5,1,3215676
1,49701528,0.3,1,3215677
2,49701558,251.4,1,3215678
5,49701559,0.194,3,3215679
2,49703919,0.5,1,3215684
1,49703922,250,1,3215685
5,49703926,1,11,3215686
12,49703943,0.04,1,3215687
5,49705083,0.352,3,3215688
5,49705126,0.05,3,3215689
1,49705132,0.2,1,3215690
1,49705153,2.3,1,3215691
1,49760732,0.2,1,3219891
1,49760746,1.7,1,3219892
5,49760756,1,11,3219893
12,49746097,6.8,1,3219910
5,49746098,1,1,3219911
4,49746105,0.3,1,3219912
2,49747304,0.5,3,3219914
5,49748534,0.01,3,3219918
12,49748538,7.9,1,3219919
17,49748564,1,1,3219920
5,49758388,3,1,3219949
5,49758389,1,11,3219950
1,49758400,0.7,1,3219951
12,49758403,1.3,1,3219952
5,49760778,1,3,3219961
5,49760783,0.077,3,3219962
5,49760790,1,11,3219963
5,49760792,0.11,3,3219964
5,49760800,1.05,3,3219965
12,49760807,0.75,1,3219966
16,49760836,2,9,3219967
12,49746159,0.05,1,3219985
13,49746170,9,9,3219986
1,49746219,0.6,1,3219987
5,49841612,0.02,3,3224299
12,49832268,0.3,1,3224328
2,49841680,0.8,1,3224354
5,49832309,0.117,1,3224392
5,49832312,0.48,3,3224393
5,49832313,0.1,3,3224394
5,49832340,0.625,3,3224395
5,49832361,0.11,3,3224454
1,49832386,0.2,1,3224455
5,49832404,1,11,3224456
8,49903831,2,9,3228755
12,49903883,2,1,3228756
1,50000996,0.4,1,3237659
5,50001018,0.001,3,3237660
1,50001055,0.2,1,3237661
2,50001062,0.6,1,3237662
5,50001063,0.017,3,3237663
12,49999921,0.5,1,3237777
5,49999926,1,3,3237778
5,50001077,0.1,3,3237779
12,50003481,1.417,1,3237795
12,50003498,23,1,3237796
5,50010712,0.13,3,3237850
5,50010730,0.04,3,3237851
16,50068473,3,1,3242071
5,50068488,0.35,3,3242072
5,50404891,28,1,3260083
5,50404897,28,1,3260084
16,50406095,2,9,3260089
5,50406107,2.21,1,3260090
5,50406108,1,1,3260091
16,50406131,1,9,3260092
5,50408500,28,1,3260106
5,50410708,1.4,1,3260109
5,50410729,0.28,1,3260110
5,50410731,2.8,1,3260111
16,50410744,28,1,3260112
5,50410756,1.48,1,3260113
17,50410758,1,9,3260114
12,50410769,28,1,3260115
5,50410773,28,1,3260116
2,50414323,0.6,1,3260122
5,50414326,4.5,1,3260123
5,50414334,3.3,1,3260124
16,50414338,2.7,1,3260125
5,50402542,1,1,3260150
1,50402547,0.25,1,3260151
1,50402548,0.34,1,3260152
14,50402565,1,9,3260153
12,50403743,28,1,3260154
5,50403745,56,1,3260155
1,50403749,0.1,1,3260156
16,50403752,5,9,3260157
5,50406154,79.02,1,3260164
17,50406174,28,1,3260165
16,50406184,6,1,3260166
12,50406206,0.28,1,3260167
5,50406207,6.2,1,3260168
5,50408538,4.2,1,3260177
5,50408572,2,1,3260178
5,50410785,16.8,1,3260184
1,50410796,5.3,1,3260185
5,50418067,0.535,3,3260209
5,50401387,3,1,3260214
1,50401393,2,1,3260215
5,50401408,0.1,3,3260216
1,50402606,11.85,1,3260217
5,50402607,1,9,3260218
16,50402623,15,9,3260219
5,50403790,9721.6,1,3260221
8,50403830,2,9,3260222
12,50403851,1,1,3260223
1,50406244,0.3,1,3260229
5,50406258,1.4,1,3260230
5,50406265,14,1,3260231
5,50408580,672,1,3260238
5,50408583,3.5,1,3260239
17,50409783,2,1,3260242
16,50409796,10,9,3260243
5,50409797,28,1,3260244
1,50409798,0.39,1,3260245
5,50413324,0.001,1,3260254
5,50413335,0.011,3,3260255
5,50418100,0.028,3,3260270
5,50418122,0.08,3,3260271
2,50401447,1,1,3260279
12,50401476,0.1,1,3260280
16,50401499,1,1,3260281
1,50401508,0.5,1,3260282
16,50403878,3,9,3260284
5,50403879,0.56,1,3260285
5,50403885,1,1,3260286
1,50403894,11.17,1,3260287
5,50403918,7,1,3260288
5,50403922,4,1,3260289
1,50406305,1,1,3260294
5,50406309,266.28,1,3260295
5,50406311,28.84,1,3260296
1,50409803,0.04,1,3260305
16,50409805,0,,3260306
2,50413343,0.004,1,3260322
5,50413358,2.1,1,3260323
1,50413398,35.1,1,3260324
5,50413406,5.4,1,3260325
5,50413415,6,1,3260326
5,50418159,0.12,3,3260337
5,50418165,0.895,3,3260338
5,50418174,0.49,3,3260339
12,50494431,0.02,1,3264528
12,50494434,0.23,1,3264529
12,50494446,0.39,1,3264530
5,50494452,0.4,3,3264531
12,50478958,1.55,1,3264546
5,50478969,1.89,1,3264547
5,50478972,0.088,1,3264548
15,50482644,12,9,3264557
5,50485015,0.832,3,3264562
5,50485027,1.34,1,3264563
5,50479014,1.78,1,3264599
2,50480236,0.88,1,3264600
5,50480255,0.44,1,3264601
5,50480256,8.97,1,3264602
5,50480269,0.133,3,3264603
5,50481499,0.379,3,3264604
2,50482691,0.19,1,3264609
5,50482747,0.017,3,3264610
5,50485040,0.14,3,3264614
5,50487326,3.2,1,3264620
5,50487328,31,1,3264621
5,50494604,102,1,3264635
5,50494621,10,1,3264636
5,50494624,5.3,1,3264637
16,50494629,1,1,3264638
5,50494642,11,1,3264639
16,50494645,7.8,1,3264640
1,50479088,29.04,1,3264649
12,50480323,0.75,1,3264653
5,50480331,5.86,1,3264654
5,50484013,2.08,1,3264668
16,50484039,3,9,3264669
5,50484040,0.12,3,3264670
8,50485111,14,9,3264671
5,50493436,3.4,1,3264696
16,50493446,3.9,1,3264697
12,50493457,6.3,1,3264698
8,50493458,2,1,3264699
12,50493462,4.5,1,3264700
17,50493476,0,,3264701
1,50484050,0.049,1,3264731
5,50484063,0.721,3,3264732
5,50484078,0.195,3,3264733
5,50484086,10.08,1,3264734
2,50484087,1.21,1,3264735
1,50484090,5.2,1,3264736
5,50486335,2.2,1,3264738
5,50493525,0.07,1,3264755
5,50493536,0.9,1,3264756
12,50493551,2.5,1,3264757
1,50612688,0.07,1,3273373
5,50612703,1,11,3273374
5,50612706,0.92,1,3273375
12,50596427,1,1,3273391
5,50596434,14.4,1,3273392
5,50601346,0.57,1,3273403
16,50601352,2,9,3273404
16,50607535,2,9,3273416
5,50605159,5.43,1,3273485
5,50605162,6.44,1,3273486
5,50611220,6.88,1,3273506
15,50611224,4,9,3273507
5,50611225,6.5,1,3273508
5,50611231,0.14,1,3273509
16,50611247,2,9,3273510
5,50611274,8.02,1,3273511
2,50595411,1,11,3273520
1,50595424,0.23,1,3273521
5,50602690,0.25,1,3273541
12,50602716,1,1,3273542
12,50602720,27.11,1,3273543
5,50602727,1.92,1,3273544
5,50605203,43.46,1,3273545
12,50605247,1,1,3273546
5,50605256,1.37,1,3273547
5,50595457,0.71,1,3273568
5,50595458,14.52,1,3273569
5,50595492,7.48,1,3273570
1,50595493,0.59,1,3273571
5,50595499,2.4,1,3273572
5,50612147,0.47,1,3273598
5,50612190,4.91,1,3273599
5,50606571,0.26,1,3273638
5,50606623,1805,1,3273639
16,50606630,1,11,3273640
5,50611455,28,1,3273647
5,50652219,0.16,3,3279193
5,50652236,0.44,3,3279194
5,50659527,20.06,1,3279211
5,50659529,7.026,1,3279212
2,50659535,0.73,1,3279213
5,50659554,1.43,1,3279214
8,50659556,9.75,1,3279215
8,50663220,0.1,1,3279220
5,50663243,0.5,3,3279221
5,50663244,0.3,3,3279222
15,50663256,7.8,1,3279223
5,50663265,1,1,3279224
15,50663269,4,9,3279225
5,50666851,0.18,3,3279228
8,50666854,6,9,3279229
5,50666855,0.91,3,3279230
12,50666864,3,1,3279231
5,50666867,0.9,3,3279232
5,50654737,7.52,1,3279258
5,50654743,3.91,1,3279259
5,50654748,13.2,1,3279260
5,50654779,0.43,1,3279261
8,50654788,1,9,3279262
8,50658386,12,9,3279267
5,50658410,1.22,1,3279268
5,50658412,0.2,3,3279269
12,50658413,1,9,3279270
5,50658414,0.264,3,3279271
8,50658416,78,9,3279272
5,50658419,0.11,3,3279273
5,50658421,0.15,3,3279274
5,50658437,0.23,3,3279275
5,50659582,5.7,1,3279276
5,50659586,0.82,1,3279277
8,50659597,0.7,1,3279278
5,50663327,18.05,1,3279282
5,50668161,0.92,3,3279297
8,50668169,1,1,3279298
12,50668172,1.2,1,3279299
5,50668181,0.16,3,3279300
5,50668188,0.07,3,3279301
5,50668196,0.04,3,3279302
5,50668204,0.71,3,3279303
8,50669404,7,9,3279306
8,50669413,0.82,1,3279307
5,50652383,0.37,1,3279310
5,50652387,0.19,1,3279311
5,50652420,1.96,1,3279312
2,50652430,0.042,1,3279313
5,50652433,0.65,1,3279314
8,50653575,1,9,3279315
5,50653584,0.28,1,3279316
5,50653587,11.085,1,3279317
16,50653588,3,9,3279318
5,50653589,4.023,1,3279319
5,50653602,21.052,1,3279320
8,50653604,18,9,3279321
5,50653615,10.018,1,3279322
1,50653620,14.73,1,3279323
5,50654800,19.054,1,3279324
5,50654803,4.78,1,3279325
5,50654827,0.08,1,3279326
5,50654852,12.35,1,3279327
12,50654859,0.035,1,3279328
5,50657268,1.4,1,3279330
5,50657291,3.047,1,3279331
5,50658444,0.48,3,3279332
5,50658450,0.11,3,3279333
16,50658459,6.9,1,3279334
16,50658471,6,9,3279335
1,50658475,0.4,1,3279336
16,50658477,74,9,3279337
16,50659691,2,9,3279339
5,50659694,7.22,1,3279340
5,50663381,0.024,1,3279349
16,50663399,0.033,1,3279350
5,50663415,3.98,1,3279351
8,50663421,1.092,1,3279352
8,50663430,1.41,1,3279353
5,50663432,0.077,1,3279354
16,50664577,19,9,3279355
2,50664585,0.014,1,3279356
16,50664588,11,9,3279357
2,50664594,0.043,1,3279358
5,50664634,0.025,1,3279359
5,50668214,0.36,3,3279364
8,50668215,0,9,3279365
8,50668220,41,9,3279366
5,50668222,0.21,3,3279367
5,50668231,0.03,3,3279368
6,50668236,18,9,3279369
5,50668245,2.13,3,3279370
5,50668256,1.77,3,3279371
5,50668279,0.18,3,3279372
5,50669435,9.34,1,3279373
5,50669441,0.077,1,3279374
2,50669444,1.043,1,3279375
5,50669481,0.634,3,3279376
16,50669482,4,9,3279377
16,50669484,15,9,3279378
8,50669488,11,9,3279379
5,50652453,15.71,1,3279381
1,50652462,0.014,1,3279382
5,50652474,2.92,1,3279383
5,50657331,18.03,1,3279391
1,50657362,0.01,1,3279392
8,50657368,8,9,3279393
5,50657371,10.023,1,3279394
5,50665889,9.051,1,3279410
5,50665894,2.2,1,3279411
5,50669500,0.7,3,3279422
2,50669508,0.1,1,3279423
5,50669515,0.17,3,3279424
8,50658593,1,9,3279439
16,50658654,0.26,1,3279441
5,50658655,0.81,1,3279442
5,50658656,5.69,1,3279443
5,50659849,0,,3279448
5,50659851,0,,3279449
5,49721182,2.1,1,3211207
12,49721189,0.4,1,3211208
5,49722364,0.15,3,3211209
5,49723612,1.09,3,3211215
5,49723638,5.49,3,3211216
5,49709012,3,3,3211226
1,49709015,0.2,1,3211227
5,49709048,1,3,3211228
5,49709061,0.25,3,3211229
2,49710287,0.035,3,3211235
5,49712706,4.8,1,3211244
2,49712719,1,1,3211245
1,49713871,1.1,1,3211246
2,49713898,0.5,1,3211247
1,49716349,0.4,1,3211250
2,49716360,0.1,1,3211251
5,49721255,4.3,10,3211272
5,49721288,3.5,1,3211273
5,49721299,21.6,1,3211274
12,49723687,0.3,1,3211285
2,49706717,0.1,1,3211297
1,49706723,0.2,1,3211298
1,49706733,1.9,1,3211299
5,49707869,0.14,3,3211300
5,49707897,0.881,3,3211301
1,49710334,2.6,1,3211304
5,49710370,0.15,3,3211305
5,49712751,12.5,1,3211308
5,49712764,5.1,1,3211309
17,49712771,0.3,1,3211310
5,49712783,2.2,1,3211311
5,49712785,2.5,1,3211312
16,49715164,1,11,3211315
1,49715178,0.5,1,3211316
4,49715180,1.1,1,3211317
5,49715201,0.18,3,3211318
1,49715217,0.2,1,3211319
5,49715218,0.116,3,3211320
16,49715221,0.5,1,3211321
2,49716420,1.1,1,3211322
1,49716452,0.1,1,3211323
5,49718939,26.2,1,3211327
5,49718949,1.9,1,3211328
5,49718960,2.6,1,3211329
1,49720111,0.3,1,3211330
5,49720112,10.5,1,3211331
5,49720114,0.11,3,3211332
12,49720117,3.7,1,3211333
17,49721349,11,9,3211334
5,49721359,3,1,3211335
2,49722589,23.6,1,3211336
1,49723741,1,1,3211337
1,49723760,3.5,1,3211338
1,49724500,0.02,1,3211342
2,49724527,1.5,1,3211343
16,49706764,4.9,1,3211344
12,49706797,0.7,1,3211345
5,49706803,0.11,3,3211346
12,49711602,80.8,1,3211357
5,49711608,0.165,3,3211358
1,49711618,1.7,1,3211359
5,49711623,3,1,3211360
16,49711633,134,9,3211361
1,49711649,1.1,1,3211362
1,49716467,0.4,1,3211374
4,49716471,0.01,1,3211375
5,49716502,0.282,3,3211376
5,49716504,2.025,3,3211377
5,49719014,1.5,1,3211383
5,49719015,1.3,1,3211384
5,49721383,8,1,3211388
17,49721384,16,9,3211389
5,49722606,0.5,1,3211392
5,49722631,4.5,1,3211393
5,49722632,19.3,1,3211394
12,49724616,0.01,1,3211400
5,49724629,0.26,3,3211401
2,49708079,0.01,1,3211405
5,49715385,0.13,3,3211421
12,49719049,1.4,1,3211429
12,49720287,0.6,1,3211434
1,49720308,1.7,1,3211435
5,49723925,97.7,1,3211444
5,49723958,4,1,3211445
5,49724648,0.14,3,3211446
1,49708155,4.6,1,3211455
1,49708168,0.3,1,3211456
5,49714187,0.13,3,3211472
5,49714204,0.105,3,3211473
2,49714216,0.2,1,3211474
2,49689486,6,1,3215700
5,49689512,0.31,3,3215701
1,49701577,0.2,1,3215745
1,49701578,0.4,1,3215746
4,49701584,0.1,1,3215747
1,49703958,1.1,1,3215753
5,49703968,0.5,3,3215754
12,49704004,0.1,1,3215755
5,49704005,5.08,3,3215756
1,49704008,0.2,1,3215757
2,49689560,0.5,1,3215776
1,49689613,2.6,1,3215845
5,49704118,0.085,3,3215903
8,49704148,10,1,3215904
4,49704153,0.1,1,3215905
3,49704154,1.5,1,3215906
1,49704155,0.8,1,3215907
1,49704168,0.1,1,3215908
5,49687308,0.13,3,3215916
8,49700629,0.5,1,3215961
5,49700648,0.6,1,3215962
5,49831414,0.042,3,3224629
2,49831424,2.2,1,3224630
5,49856128,0.176,3,3224706
5,49856138,0.79,3,3224707
5,49842561,4.25,1,3224713
5,49856184,2.65,3,3224742
5,49856188,0.16,3,3224743
5,49859918,0.352,3,3224751
1,49856252,28.5,1,3224834
2,49859920,0.1,1,3224849
5,49861744,0.5,3,3224854
5,50001235,0.45,3,3238085
2,50001240,3.5,1,3238086
5,49971280,0.345,3,3238155
2,49971298,37.8,1,3238156
5,50059130,0.81,3,3242419
5,50059134,0.12,3,3242420
5,50059148,1.96,3,3242421
12,50059150,0.1,1,3242422
5,50067523,0.13,3,3242481
17,50403981,2,9,3260359
5,50404013,114.8,1,3260360
1,50405174,0.3,1,3260361
5,50405200,8.4,1,3260362
1,50415890,54.6,1,3260393
5,50415891,2.2,1,3260394
5,50415894,1,1,3260395
5,50419027,5,1,3260402
5,50419036,5.4,3,3260403
1,50404024,3.54,1,3260409
12,50405234,0.28,1,3260413
5,50405253,4.3,1,3260414
1,50405257,0.7,1,3260415
5,50405298,64.4,1,3260416
1,50405299,0.01,1,3260417
5,50411104,0.28,1,3260431
5,50411126,28,1,3260432
1,50411134,0.22,1,3260433
5,50411135,7,1,3260434
5,50415904,1.8,1,3260446
5,50415910,2.8,1,3260447
5,50415911,0.28,1,3260448
5,50419078,30.7,1,3260462
5,50419082,0.56,3,3260463
5,50419088,0.015,3,3260464
16,50402907,2,9,3260476
5,50405306,2.8,1,3260483
16,50405318,1,9,3260484
16,50405322,2,1,3260485
5,50405329,10.08,1,3260486
5,50405334,1.12,1,3260487
5,50405340,1.96,1,3260488
5,50405350,28,1,3260489
1,50405357,0.04,1,3260490
16,50405378,7.3,1,3260491
5,50478109,3.37,1,3264830
2,50478120,1.82,1,3264831
5,50487613,0.2,3,3264852
5,50487615,0.283,1,3264853
5,50487616,17,1,3264854
5,50487617,6,1,3264855
1,50487625,0.1,1,3264856
4,50487641,0.005,1,3264857
5,50487658,1.5,1,3264858
5,50487665,0.004,1,3264859
5,50493705,4.64,1,3264879
8,50479434,6.97,1,3264891
5,50479449,119,1,3264892
5,50479454,1.005,3,3264893
5,50483123,8.34,1,3264900
5,50487686,3,1,3264907
5,50487725,0.001,10,3264908
5,50491362,4,1,3264916
5,50491364,4,1,3264917
2,50491372,0.5,1,3264918
5,50491380,0.01,1,3264919
5,50492570,630,1,3264921
5,50492571,0.88,1,3264922
5,50493752,2.8,1,3264923
5,50493787,0.38,3,3264924
1,50494974,0.6,1,3264926
5,50494989,918,1,3264927
5,50479492,1.63,1,3264936
5,50487767,0.347,3,3264953
16,50487811,0.49,1,3264954
5,50487812,0.23,1,3264955
16,50489032,23.2,1,3264956
5,50489039,0.7,1,3264957
5,50491394,23,1,3264961
1,50491395,1,1,3264962
5,50491397,36.85,1,3264963
4,50491421,0.4,1,3264964
5,50491433,1,1,3264965
5,50491450,0.9,1,3264966
2,50495045,0.5,1,3264972
5,50495062,1.1,1,3264973
5,50484426,0.13,3,3264995
2,50486696,0.203,1,3264999
5,50486700,3.9,1,3265000
2,50486723,0.003,1,3265001
2,50486742,2,1,3265002
16,50489070,5,1,3265003
5,50489076,2,1,3265004
5,50489087,0.001,1,3265005
12,50495925,0.6,1,3265029
5,50478460,2.33,1,3265034
5,50479689,1.66,1,3265036
5,50483322,0.122,3,3265045
8,50483328,1.17,1,3265046
5,50484512,0.148,3,3265047
5,50486791,4.2,1,3265052
5,50529555,12.8,1,3269246
16,50529582,26,9,3269247
12,50529595,15,9,3269248
5,50530756,0.09,1,3269249
5,50530764,5.38,1,3269250
5,50530775,1,11,3269251
5,50531970,2.6,1,3269252
5,50531987,7.1,1,3269253
5,50532021,1.3,1,3269254
5,50534390,1,11,3269257
5,50534395,1,11,3269258
5,50534396,1,11,3269259
5,50534419,0.5,1,3269260
5,50534422,0.7,1,3269261
5,50534424,1.1,1,3269262
5,50534446,0.7,1,3269263
5,50534447,1,11,3269264
5,50517381,2,3,3269268
5,50517387,0.9,3,3269269
5,50517407,1.23,3,3269270
12,50517416,0.5,1,3269271
5,50517434,0.004,1,3269272
5,50521040,111,1,3269282
5,50521065,5.2,1,3269283
8,50521085,5,9,3269284
2,50521088,0.35,1,3269285
5,50521090,1,1,3269286
5,50521096,3.3,1,3269287
5,50522269,3.9,1,3269288
5,50522293,1.58,1,3269289
16,50522295,3,9,3269290
5,50523483,2.7,1,3269291
1,50523493,0.1,1,3269292
2,50523501,0.1,1,3269293
11,50523505,49.5,1,3269294
5,50523520,1.88,1,3269295
13,50524688,1.5,1,3269296
5,50524689,110.7,1,3269297
12,50524734,1.4,1,3269298
5,50525959,25.4,1,3269302
16,50527261,3.8,1,3269306
5,50529633,0.1,1,3269309
1,50529649,0.17,1,3269310
16,50529657,5.5,9,3269311
5,50530828,0.2,1,3269313
5,50530839,0.23,1,3269314
16,50530849,0,,3269315
5,50530878,1,11,3269316
5,50530897,0.06,1,3269317
16,50532068,6.3,1,3269318
5,50534458,1.1,1,3269325
5,50534471,2.2,1,3269326
5,50516298,0.54,1,3269327
5,50517487,4,1,3269328
5,50517489,10.6,1,3269329
5,50517496,0.39,3,3269330
12,50517507,4.4,1,3269331
17,50517519,0,,3269332
8,50517520,2.11,1,3269333
5,50519927,27,1,3269344
17,50519933,0,,3269345
5,50519949,0.1,1,3269346
5,50521099,9.4,1,3269347
5,50521117,86.7,1,3269348
15,50521121,5,9,3269349
5,50521128,0.5,1,3269350
12,50521137,1,11,3269351
2,50524759,0.3,1,3269358
5,50524771,0.3,1,3269359
5,50524772,2.9,1,3269360
5,50524810,1.3,1,3269361
16,50526000,27,9,3269362
2,50526011,0.65,1,3269363
2,50527273,1.7,1,3269364
12,50527274,0.12,1,3269365
5,50527287,2.3,1,3269366
5,50527295,3.67,1,3269367
12,50527298,0.02,1,3269368
17,50527304,6.3,1,3269369
5,50527323,1.94,1,3269370
5,50532163,142.8,1,3269385
5,50532183,4.3,1,3269386
5,50535190,5,1,3269390
5,50516335,11.9,1,3269393
12,50516343,5.6,1,3269394
5,50516348,15.8,3,3269395
8,50516353,2,9,3269396
15,50516379,1,9,3269397
12,50519965,4.26,1,3269406
12,50519978,0.3,1,3269407
8,50519986,17.5,9,3269408
5,50519996,0.4,1,3269409
5,50520004,10.8,1,3269410
5,50520016,2,1,3269411
5,50524844,9.76,1,3269423
5,50524856,16,1,3269424
5,50524887,22.4,1,3269425
5,50526053,31.2,1,3269426
12,50527363,7.3,1,3269437
5,50527385,1,1,3269438
5,50527386,5.5,1,3269439
5,50532191,5.4,1,3269452
5,50532195,1.9,1,3269453
17,50532196,20,9,3269454
5,50532249,1.2,1,3269455
5,50535363,1.61,1,3269461
2,50535378,1,11,3269462
5,50516416,0.1,1,3269463
5,50516423,3,1,3269464
5,50516427,1.04,1,3269465
12,50516434,1.3,1,3269466
15,50518827,14.8,1,3269471
5,50518859,18.8,1,3269472
5,50518875,10.6,1,3269473
5,50518886,2.8,1,3269474
5,50520051,8.9,1,3269475
5,50520054,3.4,1,3269476
5,50524930,2.551,1,3269488
5,50527412,3.8,1,3269494
5,50527425,1,1,3269495
2,50611482,0.93,1,3273648
12,50611490,0.84,1,3273649
16,50611506,10,9,3273650
5,50611510,1,1,3273651
5,50606645,1,1,3273676
5,50606667,0.29,1,3273677
5,50611548,1,11,3273707
5,50609213,1,11,3273737
16,50609214,1,11,3273738
5,50609222,3.74,1,3273739
5,50612433,2.63,1,3273742
1,50604300,1.15,1,3273764
5,50604309,5.99,1,3273765
5,50605649,56,1,3273808
5,50605670,110.68,1,3273809
12,50610542,0.92,1,3273828
12,50610544,0.69,1,3273829
17,50610564,10,9,3273830
5,50625360,1.27,1,3273856
16,50626560,4,9,3273858
12,50626571,0.28,1,3273859
16,50626577,19,9,3273860
5,50626579,21.82,1,3273861
5,50615503,1,1,3273877
5,50615564,14.13,1,3273878
5,50615572,7.57,1,3273879
12,50616777,1.1,1,3273880
5,50616781,0.31,1,3273881
12,50616784,0.51,1,3273882
5,50617950,2.97,1,3273883
5,50617958,0.75,1,3273884
5,50617970,21.06,1,3273885
1,50617981,15.056,1,3273886
5,50617985,1.91,1,3273887
8,50617986,1,9,3273888
5,50618000,2.72,1,3273889
1,50618001,0.041,1,3273890
8,50618002,20,9,3273891
5,50619200,6.93,1,3273892
5,50619240,2.78,1,3273893
5,50620425,12,1,3273895
15,50621663,1,11,3273896
5,50625419,3.69,1,3273901
5,50625438,2.06,1,3273902
5,50627889,0.74,1,3273908
5,50627892,13.076,1,3273909
5,50627917,6.72,1,3273910
5,50629148,9.74,1,3273914
5,50615595,4,1,3273922
5,50683429,0.7,1,3276584
5,50683431,0,,3276585
5,50683432,0,,3276586
2,50683436,0,,3276587
5,50673702,1.5,1,3276620
16,50673713,1.034,1,3276621
16,50673739,3,9,3276622
5,50673741,0.99,1,3276623
5,50673742,13.048,1,3276624
16,50678593,1,9,3276639
5,50678595,0.67,3,3276640
1,49722806,0.2,1,3211496
1,49722807,0.4,1,3211497
1,49722812,0.2,1,3211498
5,49723971,0.2,1,3211499
2,49724025,1.3,1,3211500
5,49708189,0.17,3,3211509
5,49708191,0.16,3,3211510
1,49708193,17.3,1,3211511
1,49708196,0.1,1,3211512
2,49708215,0.2,1,3211513
5,49708217,0.04,3,3211514
2,49708229,0.5,1,3211515
2,49709389,0.3,1,3211516
4,49709425,0.3,1,3211517
5,49709442,0.331,3,3211518
5,49714279,0.01,3,3211533
5,49718004,0.564,3,3211542
12,49718050,6.1,1,3211543
5,49720413,3.2,1,3211548
5,49720415,1.8,1,3211549
5,49720420,2.7,1,3211550
5,49720421,6.7,1,3211551
5,49720436,0.5,1,3211552
2,49721605,287,1,3211553
5,49721609,0.3,1,3211554
1,49721628,0.1,1,3211555
5,49721633,45,1,3211556
5,49722889,0.14,3,3211557
5,49724050,2.5,1,3211558
2,49708248,0.5,1,3211569
17,49708261,1,11,3211570
12,49708268,0.25,1,3211571
14,49708285,2.5,1,3211572
5,49708308,1,1,3211573
1,49708316,0.001,1,3211574
1,49710696,9.7,1,3211587
12,49713122,1.8,1,3211590
5,49713137,4.1,1,3211591
2,49713151,88,1,3211592
4,49713162,6.8,1,3211593
1,49715557,0.2,1,3211599
1,49715563,0.3,1,3211600
5,49715567,0.28,3,3211601
5,49715580,0.07,3,3211602
5,49715593,4.1,1,3211603
12,49718074,4.9,1,3211614
5,49721688,0.035,3,3211619
2,49724883,0.4,1,3211628
5,49724896,12.7,1,3211629
5,49724902,1.4,1,3211630
1,49707178,1.5,1,3211635
1,49711975,0.5,1,3211651
12,49711996,0.7,1,3211652
1,49712003,0.2,1,3211653
2,49712018,0.7,1,3211654
12,49713180,5,3,3211659
5,49715657,0.52,1,3211667
1,49716840,0.1,1,3211669
1,49718140,0.5,1,3211670
1,49718161,0.4,1,3211671
4,49707211,0.03,1,3211697
5,49621929,4,1,3211742
5,49623206,19.2,1,3211747
5,49625560,1.1,1,3211753
12,49625568,14.2,1,3211754
5,49626781,1.2,1,3211758
1,49689768,3.1,1,3215997
2,49700674,0.8,1,3216034
5,49700683,0.7,3,3216035
1,49701870,0.2,1,3216036
1,49701871,0.1,1,3216037
2,49687432,0.5,1,3216072
5,49687455,0.41,3,3216073
5,49689829,0.75,3,3216077
2,49689834,14.41,1,3216078
5,49689835,0.2,3,3216079
5,49689839,0.13,3,3216080
5,49700729,0.176,1,3216117
2,49700730,0.1,1,3216118
1,49700746,0.5,1,3216119
4,49700750,22.3,1,3216120
5,49697182,0.2,3,3216187
5,49705158,0.47,3,3216211
5,49688814,0.23,3,3216225
2,49847628,6,1,3224871
5,49848860,2.9,1,3224873
5,49848895,0.54,3,3224874
5,49857537,0.11,3,3224909
1,49857585,0.2,1,3224910
5,49857603,0.04,3,3224911
17,49850179,1,11,3224949
5,49850188,0.05,3,3224950
4,49850223,4.7,1,3224951
5,49850227,0.55,3,3224952
1,49857617,7.8,1,3224975
1,49855274,3.9,1,3225039
1,49855294,5.8,1,3225040
8,49846637,1,9,3225086
12,49846661,1.3,1,3225087
5,49846678,0.625,3,3225088
5,49855310,0.04,3,3225120
4,49855331,0.4,1,3225121
12,49904306,0.5,1,3229321
5,49961499,4,1,3238185
5,49961506,0.15,3,3238186
1,49961543,0.2,1,3238187
2,49965191,1.035,3,3238193
5,49965221,5,1,3238194
5,49965249,79.15,1,3238195
12,49965250,0.8,1,3238196
1,49965288,17.2,1,3238263
5,49968899,0.05,3,3238271
16,49971435,4,9,3238281
5,49971446,0.1,3,3238282
5,49959244,1.1,1,3238315
16,49959275,2,1,3238316
5,49970277,0.13,3,3238353
16,49971535,3,9,3238354
5,49959320,0.2,3,3238379
5,49959321,0.18,3,3238380
2,49960528,0.42,1,3238382
5,49960529,0.12,3,3238383
2,49960530,170,1,3238384
1,49960534,0.2,1,3238385
5,49960550,1.14,3,3238386
1,49970402,0.3,1,3238413
2,49970405,2.6,1,3238414
5,50067559,0.3,3,3242632
5,50067565,0.12,3,3242633
1,50067573,1,1,3242634
5,50067590,0.17,3,3242635
5,50067600,0.18,3,3242636
5,50086900,0.19,3,3242788
5,50088112,0.33,3,3242794
5,50078459,1.3,1,3242820
5,50083322,0.11,3,3242846
5,50085733,0.09,3,3242867
12,50085736,0.5,1,3242868
5,50085751,0.02,3,3242869
5,50086936,0.09,3,3242872
12,50086980,0.7,1,3242873
5,50086986,0.36,3,3242874
8,50088119,80.5,1,3242875
16,50088120,0.9,1,3242876
5,50492810,0.49,1,3265074
5,50495939,7,1,3265081
5,50495940,1,1,3265082
5,50478518,6.49,1,3265092
5,50479760,0.182,1,3265093
5,50486850,0.35,3,3265100
5,50486875,0.16,1,3265101
5,50486906,2,1,3265102
2,50490430,0.58,1,3265114
5,50490440,11.28,1,3265115
2,50490449,2.12,1,3265116
16,50492827,1,9,3265118
1,50494081,0.3,1,3265119
8,50494096,2.8,1,3265120
16,50479770,3,9,3265134
16,50481016,3,9,3265136
5,50481059,0.06,3,3265137
16,50481068,6,9,3265138
5,50481071,6.11,1,3265139
16,50488069,20,9,3265163
2,50488070,0.4,1,3265164
1,50488079,0.5,1,3265165
5,50488080,5,1,3265166
12,50488094,0.6,1,3265167
16,50488095,1.5,1,3265168
2,50488096,0.2,1,3265169
5,50488117,1,1,3265170
8,50488130,9,9,3265171
5,50489292,12.8,1,3265174
5,50489301,5.76,1,3265175
5,50489321,4.57,1,3265176
2,50490496,6.3,1,3265177
5,50490509,28,1,3265178
5,50490523,2.83,1,3265179
5,50490526,3,1,3265180
5,50496147,4.59,1,3265187
5,50496149,8,1,3265188
16,50483527,1,9,3265199
16,50483560,267.08,1,3265200
5,50483564,0.12,3,3265201
1,50488141,0.5,1,3265216
5,50488142,8.5,1,3265217
2,50488149,6,1,3265218
5,50488162,2,1,3265219
5,50488165,0.1,1,3265220
5,50488175,0.8,1,3265221
2,50488178,0.4,1,3265222
1,50488191,0.5,1,3265223
5,50489387,0.07,3,3265224
5,50496191,0.56,3,3265236
16,50479984,2,9,3265243
5,50482382,0.26,1,3265247
12,50482387,25,9,3265248
5,50482429,0.095,1,3265249
5,50482437,0.404,3,3265250
5,50483633,0.475,3,3265251
5,50483648,0.062,3,3265252
5,50452149,0.15,3,3265267
5,50452174,0.54,3,3265268
5,50452203,3.91,3,3265269
5,50452211,1,3,3265270
12,50455828,0.735,1,3265277
5,50438891,6.6,1,3265280
5,50438894,0.19,3,3265281
5,50438898,0.6,1,3265282
5,50438906,0.49,3,3265283
5,50438956,9.19,3,3265284
5,50442508,0,,3265295
5,50442517,6.3,1,3265296
5,50442518,0,,3265297
5,50442519,0,,3265298
5,50442520,3.2,1,3265299
5,50444965,0.01,1,3265312
5,50446132,0.255,1,3265313
5,50452224,41,1,3265332
5,50455879,0.05,3,3265338
5,50455881,0.1,3,3265339
5,50455901,7,1,3265340
5,50455927,1,1,3265341
5,50528631,2.08,1,3269502
5,50528678,0.28,1,3269503
5,50528679,0.23,1,3269504
5,50533496,0.6,1,3269508
12,50533508,4.1,1,3269509
5,50533510,0.3,1,3269510
1,50516510,0.5,1,3269515
5,50516522,0.001,1,3269516
2,50516532,5,1,3269517
5,50516536,1,1,3269518
5,50517693,5,1,3269525
16,50517697,1,9,3269526
5,50518911,0.2,1,3269527
12,50518918,46.7,1,3269528
17,50518921,0.3,1,3269529
5,50518933,25.2,1,3269530
5,50518936,2.8,1,3269531
5,50523810,0.6,1,3269546
5,50528718,1.4,1,3269568
5,50528720,0.3,1,3269569
15,50529914,12,9,3269571
5,50529932,5.24,1,3269572
12,50529966,66,1,3269573
5,50533579,4.7,1,3269576
5,50533593,6.89,1,3269577
2,50533602,0.18,1,3269578
5,50533630,1.8,1,3269579
12,50516539,4.2,1,3269581
5,50516541,18.8,1,3269582
12,50516560,0.02,1,3269583
12,50517771,1,1,3269586
2,50519045,1,1,3269594
5,50523908,0.9,1,3269608
5,50523910,0.58,3,3269609
5,50523915,9.3,1,3269610
5,50525079,8.2,1,3269611
1,50529989,0.1,1,3269627
16,50530007,48,9,3269628
2,50530018,1.03,1,3269629
5,50530049,5.9,1,3269630
5,50531205,17.8,1,3269633
5,50531221,8.3,1,3269634
16,50531225,1,9,3269635
5,50531236,1,1,3269636
5,50531240,1.1,1,3269637
16,50531241,6,9,3269638
5,50531258,6.9,1,3269639
5,50531264,6.1,1,3269640
13,50533638,7,9,3269646
16,50517890,12,9,3269656
2,50517895,0.01,1,3269657
1,50519051,1.8,1,3269658
16,50519072,0.006,1,3269659
16,50521502,2,1,3269663
5,50521507,0.3,3,3269664
5,50522735,1.2,1,3269667
5,50523930,1.7,1,3269670
5,50523932,0.7,1,3269671
5,50523952,11.5,1,3269672
17,50526400,2,9,3269678
5,50526419,3.72,1,3269679
5,50526420,1.77,1,3269680
5,50535354,0.01,1,3269706
5,50535357,74.3,1,3269707
1,50516740,0.02,1,3269710
5,50517908,1,1,3269711
5,50517910,0.6,1,3269712
5,50517925,0.56,3,3269713
5,50517928,2.46,3,3269714
5,50517946,0.08,1,3269715
5,50517947,11.28,1,3269716
12,50517967,3.4,1,3269717
5,50525223,25.7,1,3269730
17,50525254,0,,3269731
5,50525260,0.05,3,3269732
12,50525266,1.8,1,3269733
16,50525279,6,9,3269734
5,50525283,1,1,3269735
5,50527726,0.141,3,3269738
5,50527736,0.7,3,3269739
5,50527747,0.5,3,3269740
5,50527784,4.5,1,3269741
1,50533821,58.16,1,3269760
5,50534542,13.8,1,3269764
12,50534603,0.01,1,3269765
5,50516790,1.2,1,3269766
5,50516792,1,1,3269767
16,50516806,1,9,3269768
5,50516810,12.14,1,3269769
15,50516826,9,9,3269770
5,50516831,7.15,1,3269771
12,50615642,2.96,1,3273923
5,50616815,1.23,1,3273928
16,50616841,1,11,3273929
12,50616851,0.94,1,3273930
5,50616862,8.17,1,3273931
5,50619248,1,11,3273932
12,50621719,0.68,1,3273933
5,50621761,2,1,3273934
5,50627952,0.1,1,3273958
2,50627963,37.06,1,3273959
1,50629163,0.23,1,3273960
5,50629169,50.88,1,3273961
5,50629193,1.15,1,3273962
5,50629220,40.059,1,3273963
5,50632248,14.07,1,3273967
5,50632269,67.07,1,3273968
5,50632290,0.55,1,3273969
8,50632299,19,9,3273970
5,50616869,1.94,1,3273981
5,50616885,1,11,3273982
12,50623075,2.08,1,3273993
5,50629256,12.065,1,3274011
5,50617000,1.28,1,3274027
1,50617003,3.11,1,3274028
2,50617004,0.3,1,3274029
1,50617013,0.45,1,3274030
5,50619453,1,11,3274031
5,50619455,2,1,3274032
5,50623111,2.17,1,3274035
5,50623113,19.76,1,3274036
16,50623129,10,9,3274037
5,50623142,1.76,1,3274038
16,50626902,2.5,9,3274049
1,50630561,1.04,1,3274054
5,50630570,34.022,1,3274055
5,50630580,12.089,1,3274056
5,50617015,7.01,1,3274067
8,50617024,30,9,3274068
2,50617032,0.78,1,3274069
5,50617056,1,1,3274070
5,50617069,1.2,1,3274071
5,50618267,0.1,1,3274072
5,50618279,0.31,1,3274073
16,50618285,0,,3274074
5,50619514,11.66,1,3274079
5,50619524,2,1,3274080
5,50619526,0.16,1,3274081
5,50623224,1.013,1,3274086
5,50628205,2.82,1,3274093
5,50628224,10.12,1,3274094
5,50628229,0.08,1,3274095
5,50628232,2.88,1,3274096
5,50629420,1,1,3274097
12,50629456,0.22,1,3274098
5,50615922,4.35,1,3274113
2,50623252,0.12,1,3274120
5,50623254,1.027,1,3274121
5,50623264,13.01,1,3274122
2,50627008,0.33,1,3274129
1,50627010,0.023,1,3274130
5,50628238,85.84,1,3274133
5,50628245,2.74,1,3274134
5,50628277,3.39,1,3274135
16,50632324,0.19,1,3274145
5,50632361,22.087,1,3274146
5,50632368,2.22,1,3274147
17,50613557,1,9,3274149
5,50613584,2,1,3274150
1,50622105,1,11,3274173
5,50622109,1.96,1,3274174
5,50622115,1.04,1,3274175
5,50673746,6.68,1,3276711
5,50673751,2.49,1,3276712
16,50673755,85,9,3276713
5,50673758,0.8,3,3276714
5,50673778,0.91,3,3276715
5,50673795,0.27,3,3276716
5,50678606,0.27,3,3276729
5,50678607,0.34,3,3276730
5,50678609,0.56,3,3276731
17,50678610,0.2,1,3276732
5,50678613,0.23,3,3276733
5,50678620,2.83,3,3276734
5,50671424,0.08,3,3276779
5,50671457,0.28,3,3276780
5,50671458,0.43,3,3276781
5,50671459,0.96,3,3276782
5,50671465,0.38,3,3276783
5,50672612,9.7,1,3276784
2,50672621,0,,3276785
5,50672624,6.3,1,3276786
15,50682441,25,9,3276822
5,50682460,0,,3276823
15,50671475,7,3,3276847
2,50672740,0.01,1,3276857
8,50672747,1,9,3276858
5,50677584,0.15,3,3276871
16,50677585,0.08,9,3276872
12,50677594,0.05,1,3276873
5,50682499,5.1,1,3276884
8,50682506,4.5,1,3276885
5,50682510,8.7,1,3276886
2,50682519,0.5,1,3276887
16,50682527,10,9,3276888
5,50682528,81,1,3276889
5,50671621,0.84,3,3276922
8,50672767,1,9,3276923
5,50672785,7.078,1,3276924
5,50672803,49.23,1,3276925
5,50672815,5.035,1,3276926
5,50672818,4.05,1,3276927
5,50672831,1.36,1,3276928
5,50677620,0.3,3,3276940
5,50677629,1.67,3,3276941
5,50677660,0.05,3,3276942
5,50682559,12.4,1,3276956
5,50682568,11,1,3276957
5,50682574,3.7,1,3276958
5,50682577,0,,3276959
5,49626784,6.6,1,3211759
5,49626789,4.5,1,3211760
5,49626799,9.8,1,3211761
5,49626808,11.9,1,3211762
5,49626817,4.2,1,3211763
5,49617052,27.8,1,3211787
5,49617055,12.9,1,3211788
5,49623209,1.2,1,3211798
12,49623216,0.3,1,3211799
5,49623218,5.9,1,3211800
5,49623246,3.9,1,3211801
5,49623273,8.8,1,3211802
12,49625647,0.05,1,3211803
5,49625657,7.8,1,3211804
5,49625675,9.7,1,3211805
2,49625677,0.7,1,3211806
5,49626821,33.54,1,3211807
5,49626830,185,1,3211808
5,49626849,0.6,1,3211809
1,49628043,0.1,1,3211810
2,49628045,63.2,1,3211811
17,49628053,34,9,3211812
1,49628064,0.1,1,3211813
5,49628098,0.9,1,3211814
5,49623301,3.8,1,3211865
17,49623303,7.4,1,3211866
5,49623328,3.4,1,3211867
5,49625714,2.7,1,3211880
1,49625715,0.5,1,3211881
5,49625755,2.4,1,3211882
5,49625799,1,1,3211955
5,49625803,58.9,1,3211956
5,49625805,2.5,1,3211957
5,49625807,0.4,1,3211958
5,49625808,6.5,1,3211959
5,49628932,2.4,1,3211969
5,49628935,3.1,1,3211970
2,49628963,3,1,3211971
5,49624699,0.8,1,3212010
5,49625855,1.7,1,3212011
5,49625870,9.9,1,3212012
17,49627117,5,9,3212015
5,49622311,0.3,1,3212040
5,49622322,0.2,1,3212041
2,49622326,1.9,1,3212042
5,49699718,0.021,3,3216264
5,49699747,0.5,3,3216265
5,49700926,1.8,1,3216266
5,49700936,0.081,3,3216267
5,49700955,0.25,3,3216268
1,49704501,0.2,1,3216281
1,49704510,0.05,1,3216282
2,49688846,6.2,1,3216293
1,49688849,2.9,1,3216294
12,49688891,4.1,1,3216295
5,49699754,0.089,3,3216328
5,49699756,0.3,1,3216329
1,49699790,0.1,1,3216330
1,49700958,0.1,1,3216337
17,49700980,1.8,1,3216338
16,49701005,7,9,3216339
5,49701010,0.09,3,3216340
2,49701018,3.2,1,3216341
5,49704585,0.04,3,3216354
1,49704602,0.4,1,3216355
5,49688921,0.04,3,3216361
13,49696206,15.5,1,3216396
2,49701090,5.5,1,3216425
1,49704647,0.5,1,3216444
2,49704648,0.08,1,3216445
1,49704687,0.2,1,3216446
1,49704690,0.2,1,3216447
13,49705454,1,1,3216451
5,49696218,0.003,3,3216472
2,49696219,0.05,1,3216473
1,49696248,0.3,1,3216474
2,49696273,0.01,3,3216475
5,49696282,0.14,3,3216476
5,49701133,813.5,1,3216490
2,49701149,110,1,3216491
5,49701168,7,1,3216492
5,49846697,0.105,3,3225179
12,49846715,0.11,1,3225180
5,49846733,0.186,3,3225181
5,49846757,0.175,3,3225182
1,49849194,2.6,1,3225188
1,49849205,2.9,1,3225189
5,49852879,0.08,3,3225209
1,49852900,0.3,1,3225210
1,49849273,2.6,1,3225267
2,49849291,0.02,1,3225268
12,49850470,0.07,1,3225269
5,49856704,3.5,1,3225288
5,49856724,0.299,3,3225289
5,49856752,4.8,1,3225290
5,49856763,2,1,3225291
12,49854378,1.5,1,3225340
2,49856813,0.25,1,3225347
1,49849463,4.196,1,3225402
5,49939354,0.063,3,3229780
1,49939362,1,1,3229781
5,49939364,2.5,3,3229782
5,49983298,8.4,1,3234199
12,49983325,1,1,3234200
5,49983344,0.23,3,3234201
5,49985705,0.511,3,3234230
16,49988123,5.4,1,3234236
5,49959423,0.088,3,3238455
16,49960586,6,9,3238456
5,49960590,9,1,3238457
5,49963048,0.145,3,3238467
16,49963053,2.5,1,3238468
5,49963070,0.017,3,3238469
5,49963077,0.046,3,3238470
1,49963101,3,1,3238471
2,49976445,0.4,1,3238520
5,49959461,1,11,3238525
1,49966833,0.7,1,3238554
12,49966838,0.1,1,3238555
5,49967987,0.075,3,3238556
12,49968020,0.1,1,3238557
5,49968022,0.13,3,3238558
5,49965648,0.01,3,3238648
2,49966858,0.7,1,3238649
12,50088130,6.2,1,3242877
5,50088135,17.3,1,3242878
5,50088144,4.5,1,3242879
12,50088147,0.3,1,3242880
5,50088149,2.12,7,3242881
17,50088156,0,,3242882
5,50088164,24.76,1,3242883
5,50089341,0.15,3,3242887
5,50089366,0.21,3,3242888
5,50089379,0.75,3,3242889
5,50082194,0.6,3,3242937
2,50082198,0.5,1,3242938
5,50082199,0.14,3,3242939
5,50082205,0.51,3,3242940
5,50083332,0.6,3,3242941
12,50083351,1,1,3242942
12,50083358,1.1,1,3242943
2,50083400,1.8,1,3242944
12,50089398,3.21,1,3242961
5,50089413,0.08,3,3242962
8,50089424,9,9,3242963
12,50089426,12,1,3242964
5,50089447,446,1,3242965
5,50092387,0.02,3,3242967
5,50092388,0.55,3,3242968
5,50092396,6.38,3,3242969
5,50092417,0.29,3,3242970
12,50092418,0.6,1,3242971
12,50092433,0.9,1,3242972
5,50082212,0.11,3,3243020
5,50082220,0.1,3,3243021
5,50077502,0.3,3,3243083
5,50077503,0.5,3,3243084
5,50078697,0.35,3,3243085
5,50078704,1.54,3,3243086
5,50078710,0.06,3,3243087
5,50087162,0.08,3,3243116
12,50087173,0.4,1,3243117
5,50087179,0.15,3,3243118
12,50087180,21.6,1,3243119
12,50087183,31,9,3243120
5,50087190,0.06,3,3243121
5,50087195,0.05,3,3243122
2,50077542,0.5,1,3243152
5,50077546,0.1,3,3243153
5,50438985,4,1,3265345
15,50439004,1,9,3265346
5,50439018,1.7,1,3265347
5,50444986,1,1,3265355
5,50444987,1,1,3265356
5,50444989,15.85,1,3265357
2,50444997,61.67,1,3265358
5,50445003,0.1,3,3265359
13,50445018,5.05,1,3265360
5,50445022,1,3,3265361
12,50445043,0.97,1,3265362
5,50445052,2.46,1,3265363
13,50446202,3,9,3265364
5,50446222,0.3,3,3265365
16,50446232,1,9,3265366
5,50446249,23,1,3265367
5,50448675,6.5,1,3265384
2,50449918,3.31,1,3265386
2,50449921,3.47,1,3265387
1,50449929,1.6,1,3265388
5,50449942,5,1,3265389
5,50449946,1,3,3265390
5,50453530,1,1,3265397
5,50453556,0,,3265398
5,50453573,5,1,3265399
5,50455933,1.45,1,3265406
5,50455950,0.1,3,3265407
8,50455953,1,9,3265408
12,50455970,905.3,1,3265409
12,50455973,137,1,3265410
12,50455974,4,3,3265411
5,50455975,1,1,3265412
5,50455982,5,1,3265413
5,50457832,0.2,3,3265418
5,50439041,5.5,1,3265419
5,50439044,0.05,3,3265420
5,50439051,0.2,3,3265421
5,50439055,0.035,3,3265422
5,50446266,4.001,3,3265436
5,50446283,15,1,3265437
5,50446285,0.15,3,3265438
8,50446295,4,9,3265439
12,50448693,0.05,1,3265447
5,50448703,34,1,3265448
5,50448704,3.5,1,3265449
5,50448708,1,1,3265450
5,50448714,6,1,3265451
16,50448718,3,9,3265452
5,50448720,0.35,3,3265453
5,50448728,0.35,3,3265454
2,50448730,0.05,3,3265455
5,50449967,0.35,3,3265458
16,50453580,28.5,9,3265465
5,50453596,8,1,3265466
5,50441549,0.007,3,3265478
8,50441560,0.6,1,3265479
5,50442779,0,,3265484
5,50442781,0.1,3,3265485
5,50445181,2.2,1,3265488
8,50445209,0.006,1,3265489
15,50451294,2,9,3265502
5,50451306,0,,3265503
5,50451316,0,,3265504
5,50454887,5,1,3265513
5,50454893,0.05,1,3265514
5,50454902,0.45,3,3265515
5,50454913,14,1,3265516
5,50454927,2.2,1,3265517
8,50454931,9,9,3265518
5,50454940,4.2,1,3265519
5,50454942,8,1,3265520
5,50454944,0.7,3,3265521
5,50458125,0,,3265527
5,50458126,0,,3265528
1,50439208,1,3,3265531
5,50439209,7.9,1,3265532
12,50439226,1,1,3265533
12,50439229,10,1,3265534
5,50439230,0,,3265535
5,50439235,20.5,1,3265536
5,50441605,0.1,3,3265543
1,50441626,0,,3265544
5,50441641,0,,3265545
5,50441655,2.3,1,3265546
8,50441657,1,9,3265547
12,50442803,0.8,1,3265548
2,50442807,13.3,1,3265549
5,50442816,0.14,3,3265550
5,50444043,0,,3265552
2,50444044,1,1,3265553
5,50444045,0.05,3,3265554
2,50444072,0.5,1,3265555
5,50444074,20.2,1,3265556
12,50444078,0.7,1,3265557
2,50444082,1.3,1,3265558
5,50445213,0.001,1,3265559
5,50445214,0.325,3,3265560
5,50445224,0.2,3,3265561
5,50445235,175,3,3265562
5,50446476,392,3,3265572
5,50446477,0.32,3,3265573
5,50451324,0,,3265589
5,50451332,0,,3265590
5,50451338,0,,3265591
1,50451339,40.7,1,3265592
5,50451344,0,,3265593
5,50451361,0.9,1,3265594
5,50451363,0,,3265595
5,50454954,0.7,1,3265604
5,50454956,0.2,3,3265605
5,50454978,0.1,3,3265606
5,50454979,0.02,3,3265607
5,50454989,6,1,3265608
2,50454997,1,1,3265609
8,50455012,1,9,3265610
5,50458146,0.1,3,3265615
16,50458155,1,9,3265616
5,50458176,4,1,3265617
5,50458177,5.05,4,3265618
5,50458179,0.2,3,3265619
5,50458181,7.3,1,3265620
5,50458186,0.5,3,3265621
4,50458187,0.5,1,3265622
2,50519275,0.3,1,3269783
5,50524116,6,1,3269790
5,50524118,0.1,1,3269791
5,50525333,3,1,3269792
5,50525339,53.5,1,3269793
5,50525348,3.1,1,3269794
5,50527858,1.4,1,3269800
5,50528999,1,1,3269801
12,50529011,0.1,1,3269802
5,50529030,4.4,1,3269803
5,50534609,3.8,1,3269819
5,50534614,31,1,3269820
12,50516853,3.7,1,3269822
5,50520493,0.4,1,3269844
5,50520494,52.81,1,3269845
5,50520510,0.03,3,3269846
5,50520543,0.04,3,3269847
5,50520549,6,1,3269848
16,50520554,1.5,9,3269849
15,50520562,2,9,3269850
5,50521751,0.7,3,3269854
5,50521753,3.9,1,3269855
8,50521759,1,11,3269856
5,50529081,0.2,1,3269878
5,50529124,0.7,3,3269879
15,50533977,15,9,3269907
5,50533984,16.4,1,3269908
5,50520576,0.9,3,3269922
5,50520593,0.51,3,3269923
12,50520617,0.1,1,3269924
5,50520619,2.51,1,3269925
5,50520622,0.96,1,3269926
5,50520641,6.16,1,3269927
8,50531613,1,9,3269958
5,50531621,0.2,1,3269959
5,50531653,2.22,1,3269960
5,50532864,3,1,3269961
5,50534051,0.69,1,3269962
5,50534074,7.86,1,3269963
16,50534082,1,11,3269964
5,50520706,1.44,1,3269973
5,50523161,1.74,1,3269978
5,50524315,2.92,1,3269979
5,50524367,9.3,1,3269980
2,50530514,1.3,1,3269995
16,50531660,14,9,3269996
8,50532889,13,9,3270002
5,50532929,0.56,1,3270003
5,50532949,0.38,1,3270004
5,50534088,5.64,1,3270005
12,50523167,0.72,1,3270024
5,50523174,0.91,1,3270025
5,50523189,0.27,1,3270026
5,50523220,0.15,1,3270027
5,50524379,1.6,1,3270028
2,50524411,0.8,1,3270029
5,50525658,81.53,1,3270034
5,50525667,0.28,1,3270035
5,50526864,0.79,3,3270039
16,50528136,13,9,3270040
2,50528137,0.02,1,3270041
8,50528140,9,9,3270042
5,50528142,0.56,1,3270043
15,50528148,0.2,1,3270044
5,50528151,7,1,3270045
8,50531746,1,9,3270050
5,50531792,1.25,1,3270051
12,50532974,2,1,3270052
5,50629563,3.14,1,3274208
5,50629579,1,11,3274209
5,50613603,4,1,3274220
5,50613617,1,1,3274221
5,50618528,0.71,1,3274225
5,50618536,1.14,1,3274226
12,50618550,0.48,1,3274227
5,50620989,1.07,1,3274233
5,50620994,0.2,1,3274234
5,50622178,27.23,1,3274235
5,50622180,183.17,1,3274236
5,50622227,4.3,1,3274237
5,50628457,1,1,3274273
1,50629676,13.99,1,3274274
5,50616124,0.01,1,3274284
5,50616142,12.97,1,3274285
5,50616159,3.06,1,3274286
12,50621043,0.31,1,3274299
5,50621048,1.49,1,3274300
5,50622259,5.04,1,3274301
2,50622271,1.21,1,3274302
16,50622277,1,1,3274303
5,50623496,0.09,1,3274305
5,50623523,8.23,1,3274306
5,50624781,2.5,4,3274307
5,50624785,1.15,1,3274308
2,50624787,0.34,1,3274309
16,50624805,4,9,3274310
5,50624822,1.047,1,3274311
2,50624828,8.5,1,3274312
5,50626044,3.88,1,3274316
5,50626045,12.89,1,3274317
16,50626054,0,,3274318
15,50628482,2,9,3274324
8,50629730,3,9,3274325
5,50629737,1.038,1,3274326
5,50629750,4.74,1,3274327
5,50630975,2.31,1,3274330
5,50622347,13.02,1,3274351
5,50622351,50.038,1,3274352
5,50622354,0.017,1,3274353
5,50624843,4.011,1,3274354
5,50624844,0.087,1,3274355
8,50624853,2,9,3274356
5,50626119,1,11,3274358
8,50631009,2,9,3274366
5,50631013,2,1,3274367
5,50631027,8.19,1,3274368
5,50631028,2.78,1,3274369
16,50631031,28,1,3274370
5,50613847,1,11,3274376
5,50613848,1,11,3274377
5,50627457,1.32,1,3274394
12,50628673,1,11,3274398
5,50613911,12.45,1,3274407
5,50613921,0.43,1,3274408
1,50613927,0.06,1,3274409
12,50613931,1.08,1,3274410
5,50613935,45,1,3274411
5,50613938,7.33,1,3274412
5,50613944,1,1,3274413
16,50615193,2,9,3274417
5,50616343,5.09,1,3274418
12,50616393,12.9,1,3274419
5,50620065,1,1,3274430
5,50620072,1,11,3274431
1,50627469,0.01,1,3274442
5,50627472,1,1,3274443
5,50627500,28,1,3274444
5,50627537,1,1,3274445
1,50628761,0.11,1,3274449
5,50629992,35.19,1,3274452
5,50613981,0.23,1,3274459
2,50613995,1.06,1,3274460
16,50614003,3,9,3274461
5,50614004,56.96,1,3274462
5,50614006,2.049,1,3274463
5,50614023,9.01,1,3274464
5,50615212,0.41,1,3274469
5,50671628,0.08,3,3276991
8,50671633,6.2,1,3276992
5,50671650,0.06,3,3276993
5,50671652,0.01,3,3276994
5,50671660,0.4,3,3276995
5,50671661,0.04,3,3276996
5,50671668,0.43,3,3276997
16,50671688,31.5,9,3276998
12,50671692,1.2,1,3276999
5,50672839,0.95,1,3277000
5,50672842,40.83,1,3277001
5,50672843,1.91,1,3277002
5,50672845,4.26,1,3277003
5,50672846,2.056,1,3277004
2,50672855,0.31,1,3277005
8,50672867,9,9,3277006
5,50677717,0.1,3,3277025
5,50683836,6.09,3,3277053
5,50683856,1.04,3,3277054
16,50688708,2,9,3277079
5,50688710,0,,3277080
5,50688711,8.7,1,3277081
5,50688729,2.3,1,3277082
5,50688734,1.1,1,3277083
5,50688754,4.8,1,3277084
2,50671699,1,1,3277088
5,50671710,0.03,3,3277089
5,50671716,0.01,3,3277090
5,50671731,0.02,3,3277091
5,50671739,0.7,3,3277092
5,50674143,2.99,1,3277103
5,50674144,2.71,1,3277104
2,50674181,0.87,1,3277105
2,50674184,1.024,1,3277106
1,50674186,49.89,1,3277107
5,50674187,0.21,1,3277108
12,50678995,0.04,3,3277119
5,50678997,0.05,3,3277120
5,50679001,0.04,3,3277121
15,50679011,3,9,3277122
5,50679017,0.34,3,3277123
5,50679021,0.95,3,3277124
16,50679026,0.8,1,3277125
5,50679027,3.73,3,3277126
16,50679028,0.3,1,3277127
5,50679031,0.37,3,3277128
5,50688756,3,1,3277159
5,50688758,1,1,3277160
2,50688782,1,1,3277161
5,50688815,0,,3277162
5,50673016,0.03,3,3277175
8,50673040,0.4,1,3277176
5,50673049,0,,3277177
5,50673051,1.8,1,3277178
5,50673058,15.2,1,3277179
5,50673060,6.8,1,3277180
5,50673081,0.5,1,3277228
5,50673082,4.3,1,3277229
5,50673088,2.1,1,3277230
5,50673101,0.5,1,3277231
16,50673103,0,,3277232
5,50673104,14.3,1,3277233
5,50673118,1,1,3277234
5,50673130,2.4,1,3277235
5,50673135,0,,3277236
5,50673138,0,,3277237
2,50676748,0.6,1,3277245
5,49627146,1.7,1,3212058
5,49627171,1.2,1,3212059
17,49624819,14,9,3212097
5,49624825,1.9,1,3212098
5,49624828,3.1,1,3212099
1,49624830,0.1,1,3212100
5,49624832,706,1,3212101
2,49624836,0.6,1,3212102
1,49624861,21.7,1,3212103
5,49627208,1.6,1,3212110
12,49627246,0.8,1,3212111
5,49627410,2.6,1,3212222
2,49628105,4.4,1,3212223
2,49628113,0.3,1,3212224
2,49628119,1,1,3212225
12,49628138,0.1,1,3212226
5,49626238,7.9,1,3212276
5,49626259,4.4,1,3212277
5,49626262,9.8,1,3212278
5,49626267,3.3,1,3212279
5,49627451,40.9,1,3212280
2,49626307,0.1,1,3212335
5,49704704,0.62,3,3216529
5,49704707,1,11,3216530
5,49704718,0.07,3,3216531
1,49704732,0.2,1,3216532
5,49705470,15.8,1,3216535
5,49705477,1.67,3,3216536
2,49705488,2.2,1,3216537
5,49705496,0.1,3,3216538
5,49705505,96,1,3216539
2,49705508,0.3,1,3216540
1,49705523,4.1,1,3216541
16,49700032,12,3,3216594
12,49702447,2.7,1,3216604
1,49705581,0.3,1,3216621
1,49700058,0.1,1,3216658
1,49700059,1,11,3216659
5,49702473,0.15,3,3216673
4,49702474,0.4,1,3216674
5,49702476,2.4,1,3216675
17,49705614,1,11,3216696
2,49705626,0.5,1,3216697
1,49705628,10.915,1,3216698
5,49705629,0.088,3,3216699
5,49705642,0.26,3,3216700
1,49705666,0.8,1,3216701
1,49705676,0.2,1,3216702
4,49705678,1,9,3216703
1,49690495,4,1,3216712
5,49700140,0.005,3,3216763
1,49700160,0.05,1,3216764
5,49700182,13.51,3,3216765
5,49690518,289,1,3216802
5,49690521,30.7,1,3216803
1,49737671,0.04,1,3221151
4,49743762,0.2,1,3221165
5,49726705,13.8,1,3221168
5,49726731,6.7,1,3221169
5,49730364,112.2,1,3221177
5,49730410,9.2,1,3221178
17,49740188,78,9,3221220
2,49743789,1.7,1,3221230
5,49727992,0.08,3,3221242
5,49728026,2,1,3221243
1,49851886,0.2,1,3225415
5,49851916,8.5,1,3225416
1,49854393,0.2,1,3225417
12,49854412,0.01,1,3225418
4,49849465,0.5,1,3225476
17,49849477,0,,3225477
5,49849496,0.105,3,3225478
12,49849524,0.1,1,3225479
5,49849537,0.05,3,3225480
5,49850772,2.6,1,3225489
11,49851934,1,11,3225490
5,49851953,0.105,3,3225491
2,49851959,11,1,3225492
2,49851969,6.6,1,3225493
17,49859421,1,11,3225534
5,49859445,0.156,3,3225535
5,49847074,0.08,3,3225541
5,49848325,0.423,3,3225542
5,49849564,19.5,1,3225545
1,49849574,0.3,1,3225546
12,49849581,6.8,1,3225547
5,49849589,0.19,3,3225548
2,49850777,0.1,1,3225549
5,49852006,0.14,3,3225550
1,49855771,0.2,1,3225565
1,49855788,0.1,1,3225566
1,49855834,0.1,1,3225567
1,49857021,0.1,1,3225568
12,49857024,3.4,1,3225569
5,49857037,0.02,3,3225570
1,49857040,0.2,1,3225571
16,49857046,15.1,1,3225572
16,49859494,1,11,3225574
12,49859509,0.56,1,3225575
5,49859523,0.09,3,3225576
1,49847161,0.6,1,3225598
1,49857121,0.2,1,3225626
5,49857127,1,11,3225627
4,49849746,11.5,1,3225672
2,49850973,29.32,1,3225675
2,49931497,0.3,1,3229885
1,49980978,0.6,1,3234335
5,49981022,8.871,3,3234336
5,49990662,0.352,3,3234407
12,49993098,0.4,1,3234421
2,49982260,3.5,1,3234493
5,49982303,0.049,3,3234495
11,49987115,3,1,3234532
5,49987129,0.793,3,3234533
5,49962056,0.22,3,3238720
12,49975500,6.3,1,3238765
5,49975507,2,1,3238766
16,49962122,1,1,3238800
1,49962181,0.2,1,3238801
5,49971935,2,3,3238829
1,49975516,0.3,1,3238841
5,49965887,1,3,3238870
1,49965900,0.2,1,3238871
5,49965903,0.053,3,3238872
5,49965921,0.67,3,3238873
1,49965928,0.2,1,3238874
2,49972015,2,1,3238895
1,49972063,1.2,1,3238896
1,49975593,0.1,1,3238907
5,49975604,0.12,3,3238908
5,49964732,1.477,3,3238934
2,49964796,0.5,1,3238935
12,49964797,2.5,1,3238936
5,49965957,0.1,3,3238937
5,49965961,0.05,3,3238938
5,50077549,0.24,3,3243154
5,50082388,9.2,1,3243166
16,50082430,8.5,1,3243167
12,50087224,0.1,1,3243187
15,50087229,10.5,9,3243188
5,50087232,2.73,1,3243189
5,50087233,1.7,1,3243190
5,50087235,0.03,1,3243191
5,50087260,24,1,3243192
8,50087261,0.52,1,3243193
5,50087263,1.8,1,3243194
5,50087264,11.68,1,3243195
5,50087269,0.86,1,3243196
12,50087275,0.8,1,3243197
17,50087279,1,9,3243198
5,50087283,2.19,1,3243199
16,50088443,1,9,3243201
5,50088463,14.6,1,3243202
1,50088464,5.1,1,3243203
5,50089646,1.02,1,3243204
2,50089647,0.2,1,3243205
5,50089658,4,1,3243206
2,50089669,0.5,1,3243207
12,50089684,3.9,1,3243208
16,50089685,75,9,3243209
5,50090849,0.17,3,3243210
5,50082439,242,1,3243248
8,50082487,23,9,3243249
5,50088504,15.76,3,3243272
17,50090886,1,11,3243280
2,50090894,6.9,1,3243281
5,50090902,3.9,1,3243282
1,50090907,0.2,1,3243283
5,50077739,0.1,3,3243301
5,50077740,0.1,3,3243302
5,50078955,0.6,3,3243306
5,50078971,0.2,3,3243307
5,50079024,0.37,3,3243377
5,50079029,8.4,1,3243378
5,50085091,3.2,1,3243397
5,50088712,1.78,3,3243420
12,50074226,0.5,1,3243428
2,50074240,3.8,1,3243429
5,50074241,0.48,3,3243430
5,50373503,16.2,3,3261184
12,50378335,1.12,1,3261203
12,50378338,16.31,1,3261204
5,50378352,2.8,1,3261205
5,50378357,1,1,3261206
5,50378361,5,1,3261207
5,50378368,28,1,3261208
12,50373535,1,1,3261266
5,50378373,28,1,3261284
1,50378378,1,1,3261285
5,50378379,6.4,1,3261286
5,50378391,0.84,1,3261287
12,50378405,446,1,3261288
12,50458190,0.8,1,3265623
2,50458201,3.38,1,3265624
2,50458203,3.38,1,3265625
15,50441665,1,9,3265634
2,50441681,1,1,3265635
5,50441695,0.92,3,3265636
16,50441697,20.8,1,3265637
5,50441701,6.9,1,3265638
5,50441720,0.007,3,3265639
5,50444087,0.4,3,3265643
5,50444089,4,1,3265644
5,50444090,0.4,1,3265645
5,50444092,0.18,3,3265646
2,50444093,2.3,1,3265647
2,50444107,0.01,3,3265648
5,50444108,0.01,1,3265649
5,50444114,20,1,3265650
15,50444128,0.79,1,3265651
1,50444132,0.11,1,3265652
5,50444135,26.46,1,3265653
5,50445296,16.1,1,3265658
5,50445307,0.1,3,3265659
5,50445309,3.8,1,3265660
5,50445310,1,3,3265661
15,50446498,0.2,1,3265662
8,50446500,0.013,9,3265663
5,50446503,1.1,1,3265664
5,50446518,0.02,3,3265665
5,50446520,24.8,1,3265666
5,50446521,6,3,3265667
5,50446538,2.7,1,3265668
5,50446556,6,1,3265669
16,50447737,9.75,9,3265670
5,50447743,4,1,3265671
16,50447772,52,9,3265672
5,50448960,0,,3265680
5,50448964,0,,3265681
2,50448965,1,1,3265682
5,50448971,0,,3265683
5,50457835,3,1,3265730
5,50457838,4,1,3265731
2,50457839,2,1,3265732
5,50439342,4.8,1,3265734
1,50441739,0.1,1,3265740
5,50441788,0.31,3,3265741
5,50441791,2.6,1,3265742
2,50441795,1,1,3265743
15,50445365,0.39,1,3265752
2,50445368,28,1,3265753
5,50445380,6.5,1,3265754
5,50445382,38,1,3265755
12,50445393,2.4,1,3265756
2,50445394,1.08,1,3265757
5,50445398,0.01,3,3265758
5,50445411,0.1,3,3265759
5,50445412,6.1,1,3265760
13,50445424,49,1,3265761
12,50445435,1.1,1,3265762
5,50446566,1,9,3265763
5,50446567,0.985,3,3265764
5,50446571,2.7,1,3265765
5,50447812,7,1,3265768
5,50449033,0.04,1,3265769
5,50449034,0.03,3,3265770
16,50449041,1,9,3265771
5,50452694,1,3,3265777
2,50452717,70,1,3265778
5,50452723,0.15,3,3265779
2,50452740,2,1,3265780
5,50452741,1.1,3,3265781
5,50452742,1.2,3,3265782
5,50440646,0.039,3,3265802
15,50440660,1.3,1,3265803
5,50440669,8.001,1,3265804
5,50440675,0.37,3,3265805
5,50441833,0,,3265806
5,50441836,0,,3265807
5,50441875,0,,3265808
5,50441876,0,,3265809
5,50441878,0,,3265810
5,50441886,0,,3265811
5,50449059,13.6,1,3265832
5,50449060,24.8,1,3265833
5,50449068,1,1,3265834
5,50450362,2.31,3,3265839
12,50450363,34.4,1,3265840
15,50450384,0.001,9,3265841
2,50450411,2.6,1,3265842
12,50452784,4,9,3265847
5,50452786,0.15,3,3265848
8,50452787,2,1,3265849
13,50440679,1,9,3265877
2,50440687,0.6,1,3265878
12,50441898,0,,3265882
5,50441922,0,,3265883
2,50441934,0.7,1,3265884
1,50441948,2.4,1,3265885
5,50441959,2,3,3265886
5,50532976,1.99,1,3270053
5,50532983,0.47,1,3270054
5,50534918,1.52,1,3270062
12,50534922,15.01,1,3270063
5,50534934,7.45,1,3270064
1,50534955,1.18,1,3270065
10,50534956,0,,3270066
16,50534958,2,9,3270067
5,50534972,1,11,3270068
5,50519635,0.01,3,3270072
5,50519638,2,1,3270073
16,50520840,1,9,3270076
5,50520849,0.63,3,3270077
5,50520869,2.7,1,3270078
5,50522040,15.9,1,3270079
5,50522062,4,1,3270080
5,50522064,1,11,3270081
5,50522065,1,1,3270082
5,50522070,12.5,1,3270083
12,50523243,0.2,1,3270084
5,50523254,7.1,1,3270085
5,50523255,2.8,1,3270086
16,50523267,4,9,3270087
12,50526918,0.01,1,3270100
5,50526919,1.1,1,3270101
12,50526928,0.5,1,3270102
5,50526933,0.76,1,3270103
5,50526955,6.64,1,3270104
5,50528172,2.4,1,3270105
15,50528201,2,1,3270106
5,50528231,0.2,3,3270107
8,50530640,0.8,1,3270108
5,50534992,22.5,1,3270121
5,50534994,7.1,1,3270122
5,50517225,0.2,1,3270131
5,50517281,33.1,1,3270135
5,50519688,4.67,1,3270144
8,50519712,0,,3270145
16,50519720,50,9,3270146
15,50519722,43,9,3270147
5,50520876,0.63,1,3270148
5,50520880,0.4,3,3270149
5,50520894,0.6,3,3270150
16,50520910,1,9,3270151
5,50520921,1.1,1,3270152
12,50522108,0.1,1,3270153
5,50525786,0.62,1,3270163
5,50525789,0.019,3,3270164
5,50528250,1.4,1,3270171
5,50531956,3.02,1,3270178
16,50517306,6.25,1,3270189
12,50517314,0.36,1,3270190
5,50517318,6.1,3,3270191
5,50517325,1.7,1,3270192
12,50519759,0.49,1,3270197
2,50523425,0.2,1,3270208
2,50536802,1.72,1,3270253
15,50536808,2,9,3270254
5,50536810,3.09,1,3270255
2,50536839,0.35,1,3270256
5,50539361,1,11,3270309
5,50618894,0.031,1,3274476
1,50618901,0.02,1,3274477
2,50618905,1,1,3274478
5,50620102,1,11,3274480
16,50620158,1,11,3274481
12,50622558,1,11,3274485
5,50622585,1,11,3274486
12,50622610,2.77,1,3274487
5,50623835,4.52,1,3274488
8,50623842,0.12,1,3274489
12,50625133,2.26,1,3274490
17,50625148,1,11,3274491
5,50626322,6.54,1,3274492
5,50626338,1.67,1,3274493
5,50627559,2.64,1,3274494
5,50628771,1.075,1,3274496
2,50628831,4.08,1,3274497
5,50630006,1,11,3274498
16,50630042,1,11,3274499
16,50630058,1,11,3274500
8,50616497,10.55,1,3274520
5,50616504,1,1,3274521
12,50616505,0.92,1,3274522
2,50616560,0.3,1,3274523
12,50622638,0.56,1,3274527
8,50622656,1,9,3274528
12,50622668,0.32,1,3274529
5,50623872,0.088,1,3274530
5,50623877,23.08,1,3274531
5,50623884,1.015,1,3274532
5,50623888,1.24,1,3274533
12,50625161,1,1,3274536
16,50631364,0.52,1,3274549
8,50631366,11,9,3274550
5,50631371,1.25,1,3274551
5,50631376,10.095,1,3274552
5,50616567,0.2,1,3274565
5,50631394,5.4,1,3274600
16,50615440,1,9,3274604
2,50615465,0.66,1,3274605
5,50615468,2.19,1,3274606
5,50617916,22.062,1,3274607
5,50617924,0.52,1,3274608
2,50617930,0.35,1,3274609
5,50619145,10,1,3274612
5,50619153,1.56,1,3274613
5,50679131,1,1,3277260
5,50679150,14.9,1,3277261
5,50679152,0,,3277262
5,50679154,0,,3277263
5,50681565,0.04,3,3277269
5,50681592,0.35,3,3277270
5,50682872,0.41,3,3277272
8,50682898,18,1,3277273
5,50682902,0.45,3,3277274
5,50682907,0.39,3,3277275
2,50673158,0.36,1,3277311
8,50673160,35,9,3277312
5,50673163,3.04,1,3277313
2,50673216,0.4,1,3277314
5,50678003,0.72,1,3277341
5,50678032,0.75,1,3277342
8,50678056,1,9,3277343
5,50682920,0.03,3,3277360
5,50682921,0.66,3,3277361
2,50682978,0.2,1,3277362
5,50682981,0.28,3,3277363
2,50673219,0.005,1,3277392
1,50673261,1.043,1,3277393
5,50678077,0.65,3,3277412
5,50678082,1,3,3277413
16,50678088,15,9,3277414
12,50678093,0.3,1,3277415
5,50678112,0.05,3,3277416
15,50683000,12.4,1,3277425
5,50683001,0.12,3,3277426
5,50673292,0.11,3,3277456
5,50674558,2.8,1,3277461
5,50678133,0,3,3277467
5,50678149,0.05,3,3277468
5,50678185,0.14,3,3277469
5,50678187,0.22,3,3277470
5,50678188,0.22,3,3277471
5,50674579,10,1,3277511
5,50674597,0.8,1,3277512
5,50674620,55,1,3277513
5,50674632,119,1,3277514
5,50674637,0,,3277515
17,50678286,0,,3277523
17,49626333,4.5,9,3212336
2,49622823,0.6,1,3212364
5,49628334,2.4,1,3212390
5,49628336,23.6,1,3212391
5,49628349,0.7,1,3212392
17,49628357,0.9,1,3212393
5,49628374,27.6,1,3212394
5,49628394,44.6,1,3212395
5,49628399,28.6,1,3212396
5,49617898,2.3,1,3212409
12,49617909,0.2,1,3212410
5,49617922,57.5,1,3212411
5,49617938,1.3,1,3212412
5,49617946,10,1,3212413
17,49622839,5,9,3212428
5,49622861,4.5,1,3212429
12,49622863,0.7,1,3212430
1,49622883,0.1,1,3212431
5,49628412,1.9,1,3212442
12,49617969,3.8,1,3212463
1,49617975,4.5,1,3212464
5,49617979,0.1,1,3212465
5,49624192,19.1,1,3212493
12,49625412,3.6,1,3212566
5,49626639,10.1,1,3212576
5,49626642,0.2,1,3212577
12,49621843,2.1,1,3212612
5,49621865,8.1,1,3212613
1,49621890,6.01,1,3212614
1,49690522,0.5,1,3216804
5,49690534,3.5,1,3216805
1,49695311,0.6,1,3216825
4,49695331,0.01,3,3216826
12,49695358,1.1,1,3216827
5,49695363,0.67,3,3216828
1,49695370,9.2,1,3216829
2,49659503,0.03,3,3216856
1,49659504,0.5,1,3216857
5,49659505,0.08,3,3216858
12,49659509,3.5,1,3216859
5,49659522,0.05,3,3216860
8,49659534,0.3,1,3216861
2,49659536,0.3,1,3216862
1,49659557,2.2,1,3216863
5,49661997,0.3,3,3216868
12,49665599,0.8,7,3216881
1,49665635,0.5,1,3216882
5,49666817,0.1,3,3216883
5,49666818,0.028,3,3216884
2,49666824,12,1,3216885
2,49666826,1.3,1,3216886
5,49666857,0.45,3,3216887
4,49649771,1,1,3216890
5,49649783,0.05,3,3216891
5,49649808,0.08,3,3216892
12,49652239,0.1,1,3216902
17,49655838,0,,3216909
1,49657056,0.6,1,3216910
1,49657057,0.3,1,3216911
2,49658310,9.7,1,3216913
5,49658316,0.16,3,3216914
5,49658351,0.09,3,3216915
1,49660854,0.4,1,3216916
5,49660858,0.2,3,3216917
1,49660859,14.9,1,3216918
1,49660864,0.5,1,3216919
5,49660870,0.074,3,3216920
2,49662040,0.5,1,3216921
5,49662089,0.72,3,3216922
16,49665683,1,11,3216940
5,49665695,0.1,3,3216941
1,49665740,0.02,1,3216942
2,49666954,0.05,1,3216944
1,49649837,1,1,3216948
1,49652277,0.2,1,3216956
2,49652283,1.4,1,3216957
2,49652297,3.6,1,3216958
4,49657176,7.7,1,3216973
2,49657191,73,1,3216974
5,49657197,3.07,3,3216975
5,49660888,0.125,3,3216984
5,49660902,2,1,3216985
1,49662125,0.4,1,3216986
4,49662145,0.302,1,3216987
5,49664539,0.3,3,3217000
1,49664572,14.7,1,3217001
2,49664578,4.1,1,3217002
5,49664593,0.09,3,3217003
5,49664596,0.235,3,3217004
1,49665748,1,1,3217005
12,49665764,6.8,1,3217006
12,49665767,40,1,3217007
2,49652354,0.1,1,3217027
12,49652355,14.7,1,3217028
5,49652369,0.186,3,3217029
5,49654780,0.15,3,3217031
8,49654792,5,1,3217032
5,49654794,0.07,3,3217033
1,49654798,0.2,1,3217034
1,49654802,0.02,1,3217035
12,49657228,2.2,1,3217040
1,49660954,0.1,1,3217050
1,49660957,0.3,1,3217051
1,49660959,0.3,1,3217052
5,49660972,4.1,3,3217053
16,49660989,19,9,3217054
1,49662168,0.2,1,3217055
5,49664624,0.053,3,3217069
2,49651249,0.4,1,3217080
5,49652431,5.63,3,3217081
12,49653676,1.1,1,3217083
17,49653694,0.2,1,3217084
5,49654877,0.12,3,3217085
17,49730440,5.5,9,3221254
5,49736578,3.4,1,3221279
12,49737817,1.5,1,3221284
1,49728092,0.2,1,3221331
16,49742791,0.5,1,3221398
2,49728145,0.3,1,3221407
1,49728155,0.01,1,3221408
5,49728174,0.11,3,3221409
5,49728175,5.5,1,3221410
16,49729363,1,3,3221411
1,49729375,4.3,1,3221412
5,49729388,0.049,3,3221413
5,49729389,0.299,3,3221414
17,49729399,2,9,3221415
12,49729400,0.6,1,3221416
5,49729422,5.2,1,3221417
2,49729428,0.6,1,3221418
1,49742817,0.5,1,3221454
5,49727011,0.014,3,3221467
5,49727030,0.888,3,3221468
1,49727033,0.3,1,3221469
1,49727071,0.53,1,3221470
5,49729441,9.7,1,3221476
5,49736844,4.3,1,3221501
5,49739279,0.4,1,3221507
5,49727104,0.155,3,3221528
5,49846107,0.03,3,3225725
5,49849773,0.12,3,3225731
1,49849785,0.8,1,3225732
5,49849792,10,1,3225733
2,49849804,0.2,1,3225734
1,49851022,0.02,1,3225735
5,49856011,0.31,3,3225749
5,49856013,0.261,3,3225750
2,49856018,0.09,1,3225751
5,49858452,0.4,3,3225754
5,49858500,0.18,3,3225755
5,49858522,88.18,3,3225756
2,49861723,0.5,1,3225783
4,49849853,0.4,1,3225796
5,49982317,1,3,3234603
5,49987174,0.48,3,3234619
5,49987207,0.211,3,3234620
5,49982395,2.21,3,3234714
1,49989694,0.01,1,3234749
1,49989699,0.01,1,3234750
1,49995736,0.02,1,3234797
5,49964846,0.232,3,3239018
12,49967264,40,1,3239024
5,49967275,0.1,3,3239025
1,49961211,4.5,1,3239082
5,49966132,0.25,3,3239094
5,49967314,1,3,3239095
5,49967318,0.17,3,3239096
5,49972341,0.08,3,3239193
5,49963813,0.07,3,3239239
5,49963840,0.212,3,3239240
5,49963846,0.3,3,3239241
2,49963853,6,1,3239242
2,49963855,0.1,1,3239243
5,50076641,1.14,3,3243435
5,50076658,0.27,3,3243436
2,50076661,0.3,1,3243437
12,50076672,4.2,1,3243438
5,50076673,0.33,3,3243439
5,50079058,1.58,3,3243444
12,50086350,0.07,1,3243464
5,50087567,0.51,3,3243468
5,50088745,1.2,1,3243469
5,50089917,0.1,3,3243470
5,50089928,0.01,3,3243471
5,50089945,1.24,3,3243472
5,50089946,0.77,3,3243473
5,50089962,0.03,3,3243474
12,50074300,0.5,1,3243491
5,50074308,3.86,3,3243492
5,50074326,7.78,1,3243493
14,50074333,7.6,1,3243494
5,50086455,1.27,3,3243550
12,50092056,2,1,3243688
5,50092059,0.01,3,3243689
5,50092065,26.3,1,3243690
5,50075701,0.15,3,3243705
5,50075713,1.73,3,3243706
8,50075716,4,9,3243707
5,50377394,11,1,3261520
2,50377409,11,1,3261521
5,50394528,7,1,3261662
1,50394532,0.04,1,3261663
1,50394533,36.85,1,3261664
5,50394549,28,1,3261665
5,50394550,28,1,3261666
5,50394558,28,1,3261667
16,50394562,915.27,1,3261668
1,50394569,1.93,1,3261669
5,50398163,1,1,3261680
5,50399385,3.3,1,3261683
1,50399401,0.33,1,3261684
5,50399414,2.8,1,3261685
5,50399415,3.4,1,3261686
5,50392183,5.6,1,3261732
5,50392185,11.2,1,3261733
5,50392186,2,1,3261734
5,50392191,2.8,1,3261735
16,50392192,34,9,3261736
15,50445557,15.2,9,3265900
5,50450449,0.42,3,3265916
5,50450457,0.002,3,3265917
5,50457264,6.6,1,3265941
5,50457269,0.8,3,3265942
2,50457282,0.201,1,3265943
5,50457285,38,1,3265944
5,50457287,0.001,1,3265945
5,50457300,1.4,1,3265946
5,50440766,1.87,3,3265947
8,50440779,4.1,1,3265948
5,50440802,2.8,1,3265949
5,50440824,22.3,1,3265950
12,50441964,0.5,1,3265951
16,50441973,1,9,3265952
5,50441977,3.8,1,3265953
12,50441985,0.8,1,3265954
2,50442030,0.5,1,3265955
5,50443179,33.5,1,3265956
5,50443207,295,3,3265957
2,50443220,0.4,1,3265958
5,50443223,0.006,3,3265959
5,50444419,4,1,3265960
5,50444427,0,,3265961
5,50445591,7.1,1,3265962
1,50445621,0.6,1,3265963
2,50446859,0.5,1,3265964
17,50446861,0.002,1,3265965
13,50450520,0.14,1,3265976
5,50450527,1.24,3,3265977
2,50450532,3.17,1,3265978
5,50451761,0.11,3,3265979
5,50457302,0.1,3,3265997
5,50457307,0.001,1,3265998
5,50457310,11.7,1,3265999
2,50457315,10,1,3266000
5,50457324,1.1,1,3266001
5,50457335,1,1,3266002
5,50457342,1,1,3266003
5,50457344,0.4,1,3266004
5,50457357,0.15,1,3266005
8,50457361,0.5,1,3266006
5,50457374,3,1,3266007
16,50440829,1,9,3266012
5,50443269,0.16,3,3266018
5,50443287,5,1,3266019
16,50443290,1.3,1,3266020
5,50443303,0.001,1,3266021
5,50444477,1,3,3266025
5,50444483,0.1,3,3266026
5,50444489,0.8,3,3266027
5,50444499,0.42,3,3266028
8,50444513,1,9,3266029
5,50444516,10.2,1,3266030
5,50446871,0.15,3,3266034
2,50446873,0.001,1,3266035
5,50446881,5,1,3266036
5,50448115,0,,3266040
5,50448117,0,,3266041
5,50451779,0.01,1,3266054
5,50451799,20,1,3266055
12,50451822,0.4,1,3266056
16,50451838,1,11,3266057
5,50451846,1,1,3266058
1,50440952,0,,3266075
12,50444536,6.3,1,3266087
12,50444540,6.91,1,3266088
16,50453084,1,9,3266116
1,50453100,0.001,1,3266117
5,50453108,0.1,3,3266118
5,50453110,0.001,1,3266119
12,50456697,0.6,1,3266126
5,50456705,1,3,3266127
5,50456708,17.7,1,3266128
8,50456717,16,9,3266129
12,50456747,4.9,1,3266130
12,50456758,0.01,1,3266131
1,50456760,1,1,3266132
5,50456765,3.45,3,3266133
5,50441018,0.355,3,3266142
5,50441043,2.001,1,3266143
5,50441044,0.1,3,3266144
5,50447042,0.1,1,3266161
5,50447044,0,,3266162
5,50536988,0.24,1,3270341
5,50536994,1,11,3270342
5,50539398,1,11,3270343
5,50539408,5,1,3270344
16,50539422,33,9,3270345
12,50539425,1,11,3270346
5,50544218,12.1,1,3270369
5,50544227,1.22,1,3270370
1,50544242,1,11,3270371
2,50545559,1.4,1,3270434
5,50545563,0.1,1,3270435
5,50550432,11.78,1,3270446
5,50550452,1,11,3270447
5,50550472,1,11,3270448
5,50543200,38.4,1,3270485
1,50543205,0.9,1,3270486
12,50545579,1.44,1,3270489
12,50545607,1,1,3270490
2,50545613,2,1,3270491
5,50550507,8.53,1,3270504
5,50536019,2.8,1,3270519
5,50538403,521.87,1,3270520
5,50538406,1.3,1,3270521
5,50538419,0.7,1,3270522
5,50538432,8.4,1,3270523
5,50538439,0.1,1,3270524
2,50538461,1,1,3270525
12,50538462,1,11,3270526
12,50543256,1,1,3270538
5,50545660,1,1,3270540
1,50536043,0.08,1,3270554
12,50536050,0.8,1,3270555
5,50536062,1,11,3270556
5,50536069,8.1,1,3270557
5,50536089,0.1,1,3270558
12,50538476,4.6,1,3270561
15,50538493,0,,3270562
12,50543319,0.9,1,3270585
5,50549482,2,1,3270595
12,50549485,1.46,1,3270596
12,50549486,4.31,1,3270597
5,50549493,3.09,1,3270598
5,50549500,0.4,1,3270599
12,50549512,1,11,3270600
5,50677141,0.083,1,3277591
5,50681964,0.28,3,3277607
2,50681965,1.5,1,3277608
16,50681978,1,9,3277609
5,50681982,0.49,3,3277610
2,50681983,0,1,3277611
5,50672311,0.04,3,3277639
5,50672352,0.1,3,3277640
8,50672360,0,1,3277641
2,50672366,0.3,1,3277642
5,50672375,0.2,3,3277643
16,50672377,2.2,1,3277644
5,50677152,2.99,1,3277658
2,50677154,9.075,1,3277659
1,50682003,2.7,1,3277673
5,50672396,0.06,3,3277699
5,50672417,0.05,3,3277700
5,50672438,0.16,3,3277701
17,49616984,60,9,3212659
5,49616986,2.3,1,3212660
1,49617012,0.5,1,3212661
2,49617031,0.7,1,3212662
1,49572314,0.9,1,3212697
5,49572335,0.5,3,3212698
12,49572362,1.4,1,3212699
5,49579635,120.35,3,3212703
5,49572414,6,1,3212733
1,49572423,24.2,1,3212734
5,49572437,0.105,3,3212735
2,49572438,0.4,1,3212736
2,49573611,3.401,1,3212741
5,49573631,22,3,3212742
5,49573640,72.5,1,3212743
5,49573642,12.6,3,3212744
5,49573643,1.6,3,3212745
4,49573644,10.7,1,3212746
1,49577262,0.2,1,3212747
5,49577263,0.098,3,3212748
1,49577310,2.5,1,3212749
5,49577321,0.61,3,3212750
5,49579694,0.1,1,3212751
12,49579732,3.3,1,3212752
1,49579733,0.01,1,3212753
1,49572464,6,1,3212781
12,49572475,2.7,1,3212782
5,49573693,0.53,3,3212783
8,49573731,0.017,3,3212784
5,49574900,0.095,3,3212785
5,49574968,0.141,1,3212786
5,49577342,0.03,3,3212788
12,49577359,0.05,1,3212789
16,49577370,50,9,3212790
12,49577379,0.5,1,3212791
1,49572543,0.2,1,3212834
1,49572563,1,1,3212835
16,49572578,6,9,3212836
12,49573756,4.1,1,3212837
1,49573759,2.5,1,3212838
1,49574975,5.6,1,3212839
2,49574985,0.07,1,3212840
1,49571391,1.7,1,3212869
1,49571399,0.4,1,3212870
2,49571424,4.1,1,3212871
1,49572620,0.3,1,3212872
1,49572639,2.3,1,3212873
5,49572646,0.315,3,3212874
1,49578707,1,11,3212886
2,49578731,0.5,1,3212887
5,49578745,1.2,3,3212888
5,49578757,1.5,1,3212889
12,49654889,1.2,1,3217086
5,49654913,0.74,3,3217087
1,49654916,0.5,1,3217088
5,49657320,0.881,3,3217098
2,49657326,1.1,1,3217099
5,49661035,0.11,3,3217104
2,49661056,1.1,1,3217105
1,49661081,0.3,1,3217106
4,49661090,6,1,3217107
1,49661092,0.5,1,3217108
5,49664688,0.14,3,3217125
5,49664692,0.282,3,3217126
2,49664743,0.7,1,3217127
1,49667954,0.2,1,3217130
4,49651267,0.2,1,3217139
5,49651315,0.07,3,3217140
5,49651319,1.5,1,3217141
1,49653701,26,1,3217145
1,49654994,6,1,3217146
5,49659890,0.07,3,3217162
5,49661113,0.28,3,3217163
5,49661114,4.4,3,3217164
1,49661117,0.7,1,3217165
1,49661118,0.2,1,3217166
5,49661124,0.189,3,3217167
1,49661125,0.5,1,3217168
1,49661158,0.01,1,3217169
2,49661161,441.8,1,3217170
5,49663616,0.2,3,3217174
5,49663619,0.07,3,3217175
1,49664778,0.4,1,3217176
16,49664800,0.15,1,3217177
5,49667962,40.33,3,3217181
4,49668001,0.1,1,3217182
5,49668011,0.01,3,3217183
8,49651366,1,1,3217188
4,49651383,0.025,3,3217189
5,49651389,0.352,3,3217190
2,49651392,19.3,1,3217191
1,49651393,0.2,1,3217192
2,49653806,2.1,1,3217196
5,49653847,0.5,1,3217197
5,49655006,0.088,3,3217198
5,49655007,3,3,3217199
1,49655025,0.5,1,3217200
1,49655034,0.1,1,3217201
2,49655040,1.4,1,3217202
5,49655061,0.917,3,3217203
5,49655065,0.05,3,3217204
5,49661188,1.4,1,3217218
1,49661189,1,11,3217219
2,49661193,3,1,3217220
2,49662448,0.3,1,3217221
12,49662449,0.2,1,3217222
12,49662450,0.3,1,3217223
16,49663661,3.5,1,3217224
1,49663673,1,11,3217225
5,49663675,0.01,3,3217226
5,49664855,1,3,3217227
5,49664866,4.24,3,3217228
12,49651419,0.02,1,3217250
4,49651473,0.12,1,3217251
1,49655087,0.4,1,3217258
1,49655090,5.4,1,3217259
1,49655107,0.03,1,3217260
5,49660040,5.9,1,3217272
4,49663728,1.9,1,3217287
1,49663765,0.4,1,3217288
5,49667794,3.3,1,3217304
5,49651515,0.39,3,3217316
12,49651520,3.7,1,3217317
5,49652727,0.19,3,3217321
5,49652729,27,1,3217322
5,49652734,1.5,4,3217323
4,49652749,1.5,1,3217324
2,49652752,0.012,1,3217325
5,49652763,6.6,1,3217326
5,49653991,0.2,3,3217330
5,49656401,0.17,3,3217340
5,49656405,0.05,3,3217341
1,49660172,0.2,1,3217349
5,49660175,0.07,3,3217350
1,49663778,0.2,1,3217357
1,49663809,0.2,1,3217358
1,49663812,6.05,1,3217359
12,49663832,164,1,3217360
5,49663835,0.88,3,3217361
1,49663837,0.8,1,3217362
5,49730730,4.7,1,3221541
12,49731972,4.9,1,3221544
1,49731974,5.1,1,3221545
17,49731975,8,9,3221546
5,49736899,5.9,1,3221559
2,49736942,0.6,1,3221560
5,49736944,23,1,3221561
2,49739329,1.4,1,3221569
5,49739335,6.1,1,3221570
5,49739345,6.2,1,3221571
4,49739374,1,1,3221572
4,49744550,7.9,1,3221596
5,49744615,0.57,3,3221597
17,49727177,1,11,3221603
2,49727185,0.5,1,3221604
2,49727222,0.102,3,3221605
12,49727224,1.05,1,3221606
5,49728376,0.26,3,3221607
2,49728401,10.6,1,3221608
5,49730845,1.1,1,3221612
12,49735724,3.5,1,3221628
1,49735725,6.9,1,3221629
5,49736958,3.9,1,3221630
5,49736959,2.7,1,3221631
12,49736960,91.8,1,3221632
1,49739380,1.55,1,3221639
5,49739389,7.2,1,3221640
5,49739408,0.1,3,3221641
5,49739431,0.158,3,3221642
5,49744628,22.3,1,3221656
1,49744651,1.3,1,3221657
1,49744661,0.2,1,3221658
5,49727230,1.7,1,3221666
1,49728472,0.3,1,3221671
4,49728481,0.1,1,3221672
5,49728489,6.86,3,3221673
5,49728497,5.3,1,3221674
17,49730885,1,9,3221678
17,49730931,9,9,3221679
2,49730933,1.1,1,3221680
5,49730940,14.1,1,3221681
5,49735758,2.6,1,3221693
5,49735759,41.4,1,3221694
5,49735795,20.5,1,3221695
2,49728538,0.02,3,3221725
12,49728572,0.3,1,3221726
1,49728581,0.3,1,3221727
5,49728594,0.011,3,3221728
12,49729805,14.6,1,3221734
5,49729815,5.5,1,3221735
5,49730961,13.8,1,3221736
2,49730997,0.4,1,3221739
1,49731007,0.1,1,3221740
2,49733454,0.8,1,3221744
17,49735835,120,9,3221746
5,49735838,23.8,1,3221747
5,49743963,0.145,3,3221792
5,49744013,2,1,3221793
12,49728643,4.5,1,3221799
5,49729839,0.1,1,3221801
2,49729863,3.1,1,3221802
5,49729865,5.2,1,3221803
5,49729888,10.4,1,3221804
5,49731045,1.5,1,3221805
2,49731061,3.7,1,3221806
5,49989774,1,9,3234864
5,49989777,8.8,1,3234865
5,49989784,0.25,3,3234866
5,49989788,1.7,1,3234867
12,49989817,2,1,3234868
2,49993401,2.5,1,3234904
2,49995748,0.3,1,3234908
5,49995755,0.125,3,3234909
5,49995787,0.77,3,3234910
17,49986268,14.6,1,3235067
12,49986291,0.001,1,3235068
1,49972373,4.05,1,3239279
2,49972387,4,1,3239280
2,49972411,2,1,3239281
2,49972441,0.05,1,3239282
5,49966358,0.151,3,3239327
5,50097528,0.31,3,3239396
5,50097529,1,11,3239397
17,50097530,0.8,1,3239398
12,50097544,0.6,1,3239399
12,50097547,40.2,1,3239400
5,50097551,0.54,3,3239401
5,50096398,1.93,3,3239467
15,50096408,292,9,3239468
5,50096468,0.41,3,3239469
2,50098846,0.03,1,3239478
5,50098861,0.06,1,3239479
5,50108179,5.4,1,3239529
5,50108180,0.8,3,3239530
16,50078110,4.6,1,3243725
5,50086596,0.14,3,3243772
5,50091333,0.01,3,3243789
5,50092103,0.02,3,3243792
5,50075718,0.19,3,3243797
5,50075730,0.2,3,3243798
5,50084175,0.31,3,3243833
2,50084199,89.5,1,3243834
5,50085420,0.13,3,3243837
5,50085456,0.04,3,3243838
5,50085459,5,10,3243839
5,50086687,0.56,3,3243840
5,50087862,0.22,3,3243842
12,50087886,0.4,1,3243843
12,50087889,0.5,1,3243844
5,50092154,1.8,1,3243858
12,50092164,3.9,1,3243859
5,50092174,1,11,3243860
5,50092180,0.27,3,3243861
5,50092207,0.07,3,3243862
5,50083048,0.43,3,3243908
5,50083064,1.53,3,3243909
12,50083086,0.5,1,3243910
2,50083103,0.3,1,3243911
15,50084232,83,1,3243912
5,50084270,537.3,1,3243913
5,50086708,0.71,3,3243916
2,50086713,0.6,1,3243917
12,50086717,0.4,1,3243918
5,50086720,0.03,3,3243919
5,50086733,0.32,3,3243920
12,50087895,0.5,1,3243923
5,50087948,5,1,3243924
5,50092224,1.5,1,3243949
5,50092226,0.21,3,3243950
5,50092236,0.66,3,3243951
5,50092248,0.15,3,3243952
12,50092262,0.3,1,3243953
5,50386196,2.6,1,3261839
1,50386202,1,1,3261840
5,50386206,64.4,1,3261841
5,50386221,28,1,3261842
1,50389869,1,1,3261863
1,50393580,1,1,3261881
1,50397215,1.1,1,3261892
5,50397224,26.6,1,3261893
12,50398421,0.05,1,3261900
5,50398428,2.8,1,3261901
1,50398439,4.68,1,3261902
2,50382685,1,1,3261918
12,50400475,1,1,3261981
5,50400477,1,3,3261982
5,50400483,1,3,3261983
12,50453132,4,9,3266179
5,50453138,37.6,1,3266180
5,50453140,2.7,1,3266181
5,50456777,4.1,1,3266185
12,50456781,0.83,1,3266186
15,50456814,5,9,3266187
5,50456827,8,1,3266188
5,50456833,5,1,3266189
5,50456841,0.1,3,3266190
5,50439884,0.5,3,3266196
5,50441076,10,1,3266197
5,50441079,0.2,3,3266198
2,50441082,0.001,1,3266199
5,50441100,0.05,1,3266200
2,50441102,0.002,1,3266201
5,50442298,4.6,1,3266202
5,50442306,0.425,3,3266203
16,50442328,28,1,3266204
5,50442338,26.4,1,3266205
5,50449530,1.3,1,3266220
12,50449531,1.47,1,3266221
16,50449539,2,9,3266222
12,50449558,0.1,1,3266223
2,50449567,3.46,1,3266224
17,50449587,0.3,1,3266225
5,50454460,4.51,1,3266240
5,50456880,4.3,3,3266241
17,50456887,4,9,3266242
5,50456891,2,1,3266243
5,50456901,0.1,3,3266244
8,50457666,3,9,3266247
5,50442355,0.4,3,3266249
5,50449606,10.26,4,3266268
5,50449622,0.48,1,3266269
12,50449631,0.7,1,3266270
5,50449641,0.24,3,3266271
5,50452124,5.3,1,3266276
12,50452133,1.06,1,3266277
12,50452134,0.1,1,3266278
5,50452138,9,1,3266279
5,50452141,22.5,1,3266280
8,50452144,2,9,3266281
5,50452145,1,3,3266282
12,50454541,1,9,3266286
16,50456926,6,9,3266290
5,50457685,2,1,3266293
5,50457695,2.2,3,3266294
1,50457707,1,1,3266295
5,50457728,0.001,1,3266296
5,50446064,0.001,1,3266326
5,50446075,3.4,1,3266327
5,50446076,0.01,3,3266328
5,50446083,0.001,3,3266329
5,50446094,0.006,1,3266330
5,50446095,3.5,1,3266331
5,50446099,2,9,3266332
1,50446101,0.4,1,3266333
5,50446108,8,1,3266334
5,50446109,0.037,3,3266335
5,50469173,0.046,3,3266347
5,50469194,0.034,3,3266348
5,50469202,0.005,3,3266349
3,50475262,2,1,3266363
5,50475264,0.1,1,3266364
5,50458223,0.2,1,3266369
5,50458226,0.05,1,3266370
5,50458227,1,1,3266371
5,50458243,1,1,3266372
5,50458274,3.3,1,3266373
5,50464269,398.14,1,3266390
5,50464338,1,1,3266392
12,50465519,1.001,1,3266395
12,50465535,2,1,3266396
5,50475301,11,1,3266426
5,50475310,4,1,3266427
5,50475340,0.75,1,3266428
12,50475341,0.001,1,3266429
5,50475345,4,1,3266430
5,50458291,0.1,3,3266436
5,50458300,0.05,3,3266437
5,50463134,8.2,3,3266446
5,50463142,2.4,1,3266447
5,50463145,0.05,3,3266448
16,50463149,1,9,3266449
5,50463167,0.55,3,3266450
5,50536117,6.2,1,3270616
5,50539764,1,11,3270631
5,50539775,28.8,1,3270632
5,50539789,1.13,1,3270633
12,50539806,0.24,1,3270634
5,50544650,1,1,3270650
1,50549529,0.11,1,3270660
1,50549542,0.66,1,3270661
5,50549545,0.56,1,3270662
5,50544684,0.9,1,3270701
5,50544702,1.3,1,3270702
5,50539934,28,1,3270731
5,50539948,2.8,1,3270732
12,50539951,0.15,1,3270733
1,50536352,2.18,1,3270771
1,50536370,1,9,3270772
16,50536373,78,1,3270773
16,50536381,12,9,3270774
5,50538798,14.6,1,3270776
5,50538808,0.7,1,3270777
17,50538812,1,9,3270778
5,50538825,0.5,1,3270779
1,50538833,1.47,1,3270780
8,50538837,24,9,3270781
5,50539987,2.51,1,3270782
5,50539989,1,11,3270783
8,50538891,15,9,3270833
12,50538914,7.16,1,3270834
12,50538927,1,9,3270835
5,50537784,33.41,1,3270879
5,50537788,1,11,3270880
2,50539003,1,11,3270883
2,49571464,1.2,1,3212920
1,49571499,5,1,3212921
5,49571525,0.13,3,3212922
5,49571528,1.5,1,3212923
1,49572683,0.3,1,3212924
1,49572705,5.5,1,3212925
12,49572753,0.1,1,3212926
12,49575159,0.5,1,3212931
8,49578788,4,9,3212954
5,49578813,0.18,3,3212955
12,49578814,26.5,1,3212956
5,49578818,0.4,1,3212957
1,49571564,1.2,1,3212987
2,49571582,133.9,1,3212988
2,49572797,0.11,1,3212989
5,49572805,0.102,3,3212990
1,49574017,1,1,3212992
5,49578860,1.3,1,3212999
2,49578869,28.8,1,3213000
5,49571619,0.12,3,3213032
5,49571651,0.25,3,3213033
5,49572875,1.4,1,3213037
12,49572892,3.6,1,3213038
5,49572895,0.13,3,3213039
12,49572896,0.3,1,3213040
5,49572902,2.5,3,3213041
5,49575317,0.455,3,3213046
5,49572909,9,4,3213132
5,49574183,0.211,3,3213136
5,49574195,0.582,3,3213137
1,49577824,1.1,1,3213147
2,49577825,27.7,1,3213148
2,49577846,6,1,3213149
2,49571817,0.01,1,3213182
2,49666979,0.01,1,3217373
2,49667004,0.1,1,3217374
5,49667007,0.634,3,3217375
1,49667009,4.5,1,3217376
5,49654013,0.16,3,3217389
1,49654076,0.25,1,3217391
5,49661474,3.6,1,3217412
5,49661482,5.1,1,3217413
2,49663853,2.3,1,3217417
1,49663876,1.5,1,3217418
5,49663881,1,3,3217419
2,49665096,0.04,1,3217424
5,49665097,16.65,3,3217425
12,49665104,2,1,3217426
16,49666355,1,11,3217428
12,49649215,2.5,1,3217429
1,49649219,0.5,1,3217430
5,49649234,0.26,3,3217431
2,49649238,0.6,1,3217432
5,49649243,1.72,3,3217433
5,49654122,9.1,1,3217449
1,49654154,0.2,1,3217450
5,49660303,0.2,3,3217463
1,49660306,1.1,1,3217464
4,49660307,4.2,1,3217465
2,49660310,0.06,1,3217466
1,49660342,0.1,1,3217467
12,49661484,0.7,1,3217468
17,49661498,2,9,3217469
5,49661536,4.8,1,3217470
12,49661539,2.6,1,3217471
1,49661555,0.7,1,3217472
1,49665144,1.4,1,3217477
5,49666382,9,1,3217480
2,49666387,0.4,1,3217481
5,49666402,19,1,3217482
1,49666430,0.1,1,3217483
1,49667164,0.6,1,3217484
5,49654162,0.2,3,3217507
1,49654163,1,1,3217508
1,49654164,4.8,1,3217509
1,49655445,0.2,1,3217516
5,49660345,0.27,3,3217527
5,49660347,0.05,3,3217528
1,49660351,0.3,1,3217529
5,49660399,0.44,3,3217530
1,49660410,4.2,1,3217531
2,49661559,0.7,1,3217532
5,49661566,4.6,1,3217533
17,49661627,0,,3217534
12,49661628,0.01,1,3217535
5,49665239,0.14,3,3217544
1,49665253,0.4,1,3217545
1,49665254,0.2,1,3217546
2,49665256,0.5,1,3217547
5,49665258,4.5,1,3217548
5,49665284,0.222,3,3217549
5,49665285,0.15,3,3217550
5,49666448,0.11,3,3217551
2,49666453,3.2,1,3217552
2,49666469,2.4,1,3217553
1,49666488,0.6,1,3217554
5,49666502,0.17,3,3217555
5,49655455,0.176,3,3217572
5,49655472,0.5,1,3217573
1,49655524,16.3,1,3217574
1,49657962,0.5,1,3217579
1,49660440,2.4,1,3217584
1,49660442,4,1,3217585
5,49660456,2.5,1,3217586
1,49661636,0.2,1,3217587
1,49661638,0.3,1,3217588
1,49661652,0.6,1,3217589
1,49664132,0.2,1,3217597
5,49664144,0.077,3,3217598
16,49664147,3,9,3217599
5,49666520,0.23,3,3217600
2,49666522,0.95,1,3217601
1,49667307,0.2,1,3217603
5,49667350,0.001,3,3217604
1,49650702,0.1,1,3217611
1,49650736,0.2,1,3217612
1,49650737,0.2,1,3217613
1,49655549,0.8,1,3217629
5,49658008,0.015,3,3217640
5,49658030,0.5,1,3217641
5,49660554,0.1,3,3217644
2,49660559,1.5,1,3217645
5,49731066,1.3,1,3221807
2,49731086,0.4,1,3221808
5,49733465,1.1,1,3221812
2,49733472,0.3,1,3221813
2,49733493,24.8,1,3221814
5,49733517,7.9,1,3221815
1,49733524,0.4,1,3221816
8,49740890,2,1,3221845
1,49744064,2.6,1,3221855
5,49744087,0.02,3,3221856
2,49731101,1.5,1,3221870
17,49731127,1.2,1,3221871
4,49731139,0.8,1,3221872
1,49731142,0.2,1,3221873
5,49731157,10,4,3221874
1,49733534,0.2,1,3221876
12,49733543,0.2,1,3221877
1,49733545,0.06,1,3221878
5,49733555,1.96,4,3221879
5,49733573,6.1,1,3221880
5,49733574,5.6,1,3221881
5,49733586,9.8,1,3221882
5,49733592,1.8,1,3221883
5,49734780,3.2,1,3221885
5,49734806,0.5,1,3221886
17,49734825,3,9,3221887
5,49738542,0.24,3,3221897
5,49740930,0.235,3,3221905
5,49740952,0.617,3,3221906
4,49744095,3.4,1,3221914
17,49727540,1,9,3221921
5,49727569,2.4,1,3221922
5,49727575,3.5,1,3221923
5,49727588,15.7,1,3221924
5,49729977,1.5,1,3221927
5,49730023,3.2,1,3221928
2,49731171,0.5,1,3221929
1,49731188,0.03,1,3221930
5,49731205,0.155,3,3221931
1,49731206,0.235,1,3221932
2,49731242,4.3,1,3221933
5,49734837,90.8,1,3221940
5,49734838,2.6,1,3221941
5,49734841,0.4,1,3221942
5,49734873,0.6,1,3221943
5,49734893,0.5,1,3221944
16,49738544,1,11,3221954
5,49738580,0.3,3,3221955
12,49727681,2.1,1,3221986
2,49730112,0.3,1,3222003
2,49732524,1.2,1,3222009
2,49736190,0.2,1,3222018
2,49727686,7.5,1,3222049
5,49727701,8.4,1,3222050
5,49727704,7.3,1,3222051
5,49727727,2,1,3222052
12,49727734,14.7,1,3222053
2,49730121,4.4,1,3222057
5,49730122,1.9,1,3222058
5,49730126,4.5,1,3222059
5,49736198,2.3,1,3222077
12,49736215,0.2,1,3222078
1,49736221,0.4,1,3222079
17,49736233,1.8,1,3222080
12,49736251,11.1,1,3222081
5,49736257,0.4,1,3222082
5,49933359,0.095,3,3230713
5,49933365,0.17,3,3230714
5,49938329,5.5,1,3230839
4,49938338,1,1,3230840
5,49938379,2,1,3230922
4,49938381,7.1,1,3230923
5,49938383,80.5,1,3230924
1,49938385,2.61,1,3230925
5,49983940,0.123,3,3235185
5,49983947,0.194,3,3235186
15,49983956,1,1,3235187
5,49991239,0.405,3,3235216
5,49994792,0.02,1,3235225
5,49994854,0.12,3,3235226
4,49994857,0.1,1,3235227
5,49983978,4.1,1,3235280
2,49984023,0.5,3,3235281
1,49986386,7.5,1,3235289
8,49988844,3.8,1,3235297
1,49991252,1.5,1,3235309
1,49991265,0.4,1,3235310
5,49994889,13.56,3,3235333
5,49994906,0.01,3,3235334
5,49981660,0.35,3,3235364
5,49981663,0.45,3,3235365
1,49981664,6.1,1,3235366
5,49981679,2.1,1,3235367
5,49981710,0.04,3,3235368
5,50096484,0.21,3,3239557
5,50096518,3.1,1,3239558
17,50098879,2,9,3239566
17,50098882,0.5,1,3239567
5,50098911,27.79,1,3239568
5,50098945,9.8,1,3239569
5,50098949,1.4,1,3239570
5,50103409,2.2,1,3239593
5,50103418,5,1,3239594
5,50103422,0.1,3,3239595
12,50108184,1,1,3239619
5,50108209,1.42,3,3239620
5,50093029,1.56,3,3239641
5,50093040,3.66,1,3239642
5,50093049,4.1,1,3239724
2,50093054,0.5,1,3239725
5,50093060,1,1,3239726
1,50093157,2.9,1,3239800
5,50093169,0.24,3,3239801
5,50095558,0.86,3,3239812
5,50097917,0.28,3,3239818
5,50097922,1.71,3,3239819
5,50097935,0.15,3,3239820
12,50097957,1.9,1,3239821
15,50097968,4,9,3239822
5,50083108,0.6,1,3243992
5,50083120,317.4,1,3243993
5,50092329,3,1,3244025
16,50092340,19,9,3244026
5,50092354,0.03,3,3244027
1,50092355,0.1,1,3244028
12,50092357,0.9,1,3244029
5,50078434,0.41,3,3244055
4,50392512,3.5,1,3262035
2,50392516,1,1,3262036
16,50393736,1,9,3262040
5,50393738,28,1,3262041
16,50393749,3,9,3262042
16,50393754,38,9,3262043
5,50393756,2.8,1,3262044
1,50398591,0.7,1,3262054
5,50398593,0.28,1,3262055
1,50398594,2.8,1,3262056
5,50388895,1,3,3262108
5,50393765,1.1,1,3262116
5,50393767,28,1,3262117
5,50393778,1,1,3262118
5,50393781,28,1,3262119
5,50393782,28,1,3262120
5,50393799,36.4,1,3262121
1,50393800,0.74,1,3262122
5,50393821,28,1,3262123
1,50396268,0.28,1,3262138
5,50398622,12.32,1,3262144
5,50398630,1.4,1,3262145
12,50398632,0.3,1,3262146
12,50398683,13.5,1,3262147
1,50398688,0.01,1,3262148
1,50400274,0.04,1,3262153
5,50388911,1,3,3262192
15,50388925,15,9,3262193
2,50388948,26,1,3262194
5,50388955,1,3,3262195
13,50388956,2,9,3262196
5,50393845,23.8,1,3262218
1,50393848,0.01,1,3262219
1,50393853,6,1,3262220
1,50393854,6,1,3262221
5,50396288,0.28,1,3262227
5,50396302,0.6,1,3262228
5,50396309,2.8,1,3262229
1,50396320,0.26,1,3262230
1,50396321,1,1,3262231
5,50396329,14,1,3262232
1,50396350,1,1,3262233
5,50388990,1,1,3262279
5,50464342,5,1,3266451
5,50464346,6,1,3266452
5,50465560,0.25,3,3266458
2,50465562,0.02,1,3266459
5,50465576,0.032,3,3266460
5,50465590,5.92,3,3266461
17,50465598,0.01,1,3266462
5,50466843,0.1,3,3266468
5,50466845,9.1,1,3266469
5,50468039,0.05,1,3266470
5,50468056,2,1,3266471
2,50471751,0.001,1,3266480
16,50471760,40,9,3266481
5,50471770,115.001,1,3266482
5,50466847,0.15,3,3266510
5,50466864,25,1,3266511
5,50466872,0.1,3,3266512
5,50466900,1,3,3266513
4,50466914,0.001,1,3266514
2,50468082,0.7,1,3266515
5,50468100,5,1,3266516
2,50468110,1,1,3266517
1,50471813,0.6,1,3266530
5,50471815,0.551,3,3266531
5,50471822,1.3,3,3266532
5,50471827,5.001,1,3266533
5,50471847,0.4,1,3266534
5,50471854,5.86,1,3266535
5,50465721,0.001,1,3266562
5,50465726,1,1,3266563
8,50465738,8,9,3266564
5,50465751,3,1,3266565
5,50465777,0.148,3,3266566
2,50466946,0.002,1,3266567
2,50466949,5.25,1,3266568
5,50466952,0.01,3,3266569
5,50463370,0.002,3,3266611
5,50463411,1,1,3266612
5,50463415,0.001,1,3266613
5,50465779,0.125,3,3266615
2,50470787,0.6,1,3266625
5,50470792,1.3,1,3266626
5,50475674,0.005,1,3266638
16,50463435,12,9,3266659
5,50464658,0.228,3,3266661
5,50464671,10.76,1,3266662
5,50464690,4.6,1,3266663
5,50464705,0.612,1,3266664
5,50464711,1,3,3266665
5,50464715,0.026,3,3266666
5,50470811,9.3,1,3266677
5,50470832,1,1,3266678
5,50470842,7,1,3266679
5,50474494,11.45,1,3266685
5,50474503,24.27,1,3266686
5,50475675,0.5,1,3266689
5,50475678,4,1,3266690
5,50475686,0.3,1,3266691
5,50475713,2,1,3266692
5,50475725,10,1,3266693
5,50475744,0.2,3,3266694
5,50464722,9.29,1,3266706
16,50464738,1,9,3266707
12,50464752,133.4,1,3266708
16,50464754,0.03,1,3266709
5,50464763,0.05,3,3266710
12,50464772,0.001,1,3266711
2,50465966,1,1,3266712
5,50465969,0.01,3,3266713
5,50465981,0.5,1,3266714
5,50465995,0.005,1,3266715
5,50468440,7,1,3266718
5,50468463,2,1,3266719
5,50537805,2.21,1,3270921
5,50539010,12.2,1,3270925
5,50539021,6.7,1,3270926
5,50539056,5.3,1,3270927
12,50537936,0.4,1,3270960
12,50536774,0.16,1,3271019
5,50508804,15.8,1,3271068
2,50508815,0.31,1,3271069
5,50508816,9.6,1,3271070
5,50508817,2,1,3271071
12,50508822,0.01,1,3271072
1,50508853,0.88,1,3271073
5,50511237,0.9,1,3271078
5,50511241,16,1,3271079
2,50511242,0.5,1,3271080
2,50511267,3.8,1,3271081
12,50511268,50,1,3271082
5,50511273,0.5,1,3271083
5,50511279,141.1,1,3271084
5,50511288,6,1,3271085
12,50512466,0.9,1,3271086
5,50512474,1.38,3,3271087
17,50512481,0,,3271088
12,50512488,0.8,1,3271089
12,50512498,0.9,1,3271090
5,50513720,4,1,3271093
5,50500359,1.33,1,3271113
12,50506446,0.6,1,3271138
8,50510079,0.7,1,3271142
5,50511300,0.08,3,3271143
5,50511308,0.1,3,3271144
17,50511318,0,,3271145
17,50512522,0.54,1,3271148
5,50512526,4.3,1,3271149
5,50512543,18.3,1,3271150
16,50512557,13,1,3271151
8,50512567,1,1,3271152
5,50512574,5.4,1,3271153
12,50513743,0.2,1,3271154
17,50513744,0,,3271155
12,50513750,0.6,1,3271156
5,50513759,3.67,1,3271157
5,50513769,4.3,1,3271158
16,50513780,2,9,3271159
16,50513786,1.7,1,3271160
12,50513797,0.02,1,3271161
1,49574215,0.2,1,3213183
1,49574216,0.4,1,3213184
12,49574232,1.1,1,3213185
2,49576695,112,1,3213186
4,49577913,0.8,1,3213187
1,49577919,0.5,1,3213188
1,49571848,1.9,1,3213228
1,49571877,26.3,1,3213229
1,49571899,0.4,1,3213230
5,49574289,3.5,3,3213231
12,49574333,0.8,1,3213232
5,49574339,0.02,1,3213233
4,49576736,0.2,1,3213235
5,49576737,0.125,3,3213236
5,49576765,0.518,3,3213237
4,49577934,0.2,1,3213239
2,49579226,0.5,1,3213240
5,49571944,0.117,3,3213276
17,49573201,105,9,3213278
2,49574380,2.1,1,3213279
5,49574393,0.17,3,3213280
5,49579253,0.38,3,3213291
5,49579255,0.211,3,3213292
5,49579262,0.212,3,3213293
5,49579294,0.27,3,3213294
1,49579308,2.2,1,3213295
9,49573280,2,9,3213332
5,49573323,0.04,3,3213368
2,49573346,1.3,1,3213369
1,49575732,0.2,1,3213370
8,49575762,238.1,1,3213371
4,49576960,0.2,1,3213372
16,49573416,136,3,3213401
12,49573421,4.8,1,3213402
1,49573441,0.2,1,3213403
2,49574604,2,1,3213404
1,49574645,0.2,1,3213405
1,49574646,5,1,3213406
5,49575816,1,3,3213407
2,49575844,0.5,1,3213408
12,49575872,0.8,1,3213409
4,49578246,0.5,1,3213412
5,49578279,0.63,3,3213413
1,49578317,0.8,1,3213414
16,49661738,2.1,1,3217649
1,49661739,0.01,1,3217650
4,49661746,1,11,3217651
12,49662963,0.5,1,3217653
12,49664171,1.5,1,3217654
5,49664224,4,1,3217655
5,49664225,0.359,3,3217656
5,49666618,0.68,3,3217661
5,49666656,0.23,3,3217662
5,49667382,0.8,1,3217663
5,49667388,64.9,1,3217664
12,49650793,0.1,1,3217668
16,49650808,1,1,3217669
5,49650813,75.1,1,3217670
1,49658083,2.3,1,3217692
5,49660585,3.1,1,3217696
5,49660594,14.8,1,3217697
12,49660642,0.92,1,3217698
5,49664285,1.79,3,3217709
15,49665457,14,9,3217710
12,49665458,0.1,1,3217711
2,49665466,0.1,1,3217712
1,49665499,0.3,1,3217713
2,49665510,0.7,1,3217714
1,49665511,3.3,1,3217715
5,49665516,0.14,3,3217716
5,49666663,15.7,3,3217717
5,49666674,0.11,3,3217718
1,49667434,0.1,1,3217724
17,49667449,51,9,3217725
1,49650814,0.5,1,3217733
5,49654515,0.2,3,3217742
2,49654519,0.1,1,3217743
2,49654527,0.7,1,3217744
1,49658127,0.2,1,3217752
1,49658157,0.2,1,3217753
5,49658185,3.5,1,3217754
1,49659397,6,1,3217755
5,49660665,3.955,3,3217756
5,49660681,4.79,3,3217757
1,49660700,1,1,3217758
5,49660717,0.34,3,3217759
5,49661883,0.26,3,3217760
1,49663097,1,11,3217764
1,49664324,2.6,1,3217766
2,49664342,0.1,1,3217767
1,49664373,0.3,1,3217768
1,49664376,0.3,1,3217769
5,49664381,0.71,3,3217770
5,49664382,0.11,3,3217771
1,49665552,5.5,1,3217772
5,49665583,5,1,3217773
1,49665591,0.4,1,3217774
5,49666778,2.68,3,3217776
17,49666803,0.5,1,3217777
1,49654585,42.5,1,3217802
2,49654600,2.5,1,3217803
5,49657003,0.125,1,3217814
5,49657004,0.16,3,3217815
5,49657007,0.09,3,3217816
1,49657039,0.3,1,3217817
2,49657040,8,1,3217818
1,49657043,0.2,1,3217819
1,49658222,0.2,1,3217820
4,49658268,0.4,1,3217821
1,49659434,10,9,3217822
5,49659451,0.25,3,3217823
1,49659470,0.01,1,3217824
5,49744957,3,1,3217867
2,49744983,72,9,3217868
12,49744994,3,1,3217869
5,49744995,0.24,3,3217870
5,49739937,1.72,3,3222095
1,49739972,0.2,1,3222096
2,49726591,0.1,1,3222119
1,49730235,0.2,1,3222130
5,49730237,0.385,3,3222131
12,49736285,1.9,1,3222145
1,49737610,0.2,1,3222150
1,49739989,2.5,1,3222155
1,49739991,0.1,1,3222156
2,49739993,0.011,3,3222157
13,49740006,4,9,3222158
5,49743688,0.03,3,3222168
5,49726622,317.5,1,3222174
5,49726683,56.4,1,3222175
2,49730288,1.3,1,3222187
2,49730299,3.9,1,3222188
5,49730310,2.1,1,3222189
5,49730321,22.8,1,3222190
2,49730326,36.6,1,3222191
5,49730338,4.5,1,3222192
5,49870477,1,11,3222319
5,49870501,0.014,3,3222320
2,49874103,0.4,1,3222330
5,49939256,0.12,3,3231013
1,49932394,0.2,1,3231070
5,49932397,2.7,1,3231071
1,49932447,0.05,1,3231072
5,49894701,5,1,3231155
12,49895909,0.9,1,3231157
1,49895935,3.25,1,3231158
5,49897135,0.07,3,3231159
4,49897143,2.1,1,3231160
1,49881322,5.5,1,3231175
1,49887361,0.02,1,3231202
5,49988871,0.07,3,3235395
5,49991338,0.1,3,3235411
1,49991361,0.1,1,3235412
5,49991379,15.77,3,3235413
1,49991382,1.1,1,3235414
1,49985350,0.2,1,3235499
12,49990256,36,1,3235528
1,49991407,1.7,1,3235529
12,49991409,3.5,1,3235530
1,49982996,0.2,1,3235595
16,49983000,4,9,3235596
2,49985427,5.8,1,3235605
1,49986624,0.2,1,3235607
1,49990281,0.2,1,3235628
5,50108452,2.3,1,3239861
5,50097981,0.83,3,3239890
5,50107315,2.72,3,3239918
5,50107350,2.43,3,3239919
16,50107360,239,9,3239920
5,50107362,13.6,1,3239921
5,50108532,0.006,3,3239922
8,50108533,6,9,3239923
17,50109763,9.8,1,3239930
8,50093311,1.2,1,3239935
5,50093324,0.16,3,3239936
5,50093326,1.8,1,3239937
5,50093330,167.05,1,3239938
5,50093335,11,1,3239939
5,50109776,1,11,3239998
12,50109791,0.9,1,3239999
5,50109824,7.1,1,3240000
5,50093347,1.04,3,3240011
5,50093360,1.5,1,3240012
5,50110662,7.89,1,3240069
5,50395174,0.3,3,3262296
5,50395195,2,3,3262297
5,50395210,4.4,1,3262298
1,50396369,1,1,3262299
12,50396374,0.01,1,3262300
5,50396377,6.6,1,3262301
5,50392836,1,1,3262376
16,50394010,1,9,3262378
5,50394035,0.7,1,3262379
2,50394037,0.9,1,3262380
5,50394045,5.9,1,3262381
5,50394046,4.2,1,3262382
1,50397684,0.64,1,3262393
5,50397698,0.56,1,3262394
1,50398911,0.01,1,3262395
2,50385533,1,1,3262417
5,50389162,1,1,3262443
4,50389171,1,1,3262444
14,50389178,9,9,3262445
5,50389182,1,3,3262446
5,50390402,25.8,1,3262451
15,50391599,1,9,3262454
5,50391604,2,3,3262455
1,50391619,1,1,3262456
5,50391620,1,1,3262457
5,50392888,397.32,1,3262458
12,50395364,1.5,1,3262472
5,50397718,10.92,1,3262480
17,50397728,5.01,1,3262481
1,50397730,1,1,3262482
5,50397736,14.4,1,3262483
2,50397738,7.4,1,3262484
5,50397744,10,1,3262485
5,50397757,15.5,1,3262486
5,50398925,3.1,1,3262489
5,50398929,11.76,1,3262490
5,50398934,2.8,1,3262491
5,50398943,11.48,1,3262492
5,50398946,5.6,1,3262493
1,50398951,17.17,1,3262494
5,50398956,19.32,1,3262495
5,50398969,25.5,1,3262496
5,50398979,7.9,1,3262497
1,50398989,0.01,1,3262498
1,50383219,0.79,1,3262502
1,50383221,0.3,1,3262503
5,50385586,2.8,1,3262513
16,50385595,2,9,3262514
5,50385626,1,1,3262515
5,50385628,2.8,1,3262516
5,50388016,22.12,1,3262523
1,50388043,0.19,1,3262524
1,50390440,0.01,1,3262530
5,50390457,3,1,3262531
2,50390468,8.6,1,3262532
1,50390480,0.9,1,3262533
1,50395379,11.2,1,3262556
5,50395382,24.92,1,3262557
5,50395437,1.5,1,3262558
5,50472180,5.81,1,3266730
5,50475800,0.063,3,3266735
5,50462390,1.6,3,3266751
8,50462405,41,9,3266752
8,50462407,138,9,3266753
16,50462410,1,9,3266754
12,50462419,1.5,1,3266755
5,50462421,0.6,1,3266756
2,50462426,0.001,1,3266757
5,50464799,0.2,3,3266760
5,50464813,2,1,3266761
2,50464815,0.02,1,3266762
12,50464838,0.001,1,3266763
5,50464844,2,1,3266764
5,50464845,7,1,3266765
5,50464856,1,1,3266766
5,50468465,2,1,3266773
8,50468474,19,9,3266774
5,50468495,0.5,3,3266775
5,50472194,0.101,3,3266779
5,50475845,3.23,1,3266791
5,50476642,6.05,1,3266795
5,50476655,0.34,3,3266796
5,50461262,6.54,1,3266802
5,50462496,0.1,3,3266803
5,50462499,22.49,4,3266804
5,50462500,2,1,3266805
8,50463728,5,9,3266808
2,50468567,1.233,1,3266815
5,50468585,0.627,3,3266816
2,50468592,0.22,1,3266817
5,50468609,2.3,1,3266818
2,50471048,0.4,1,3266823
5,50473548,0.134,3,3266826
5,50475920,4,1,3266829
1,50475925,0.4,1,3266830
5,50475943,6,1,3266831
5,50475971,1.7,1,3266832
5,50476679,5.46,1,3266833
16,50476689,3,9,3266834
5,50476696,8.48,1,3266835
5,50463732,0.6,3,3266860
16,50463743,1,9,3266861
1,50463744,1,1,3266862
5,50463757,5,1,3266863
5,50463758,0.1,3,3266864
5,50463794,6.3,1,3266865
5,50463798,0.1,3,3266866
3,50463799,13,1,3266867
8,50463802,12.5,1,3266868
5,50467403,0.35,3,3266876
5,50467410,5.27,3,3266877
8,50467420,91,9,3266878
5,50467431,0.1,3,3266879
5,50467448,5,1,3266880
8,50468623,2.6,1,3266881
5,50473563,4.67,1,3266892
5,50473604,0.133,3,3266893
5,50473606,0.219,3,3266894
5,50473614,0.196,3,3266895
8,50473624,0.62,1,3266896
12,50475980,1.1,1,3266900
5,50475981,22.8,1,3266901
5,50475983,29,1,3266902
1,50475991,0.3,1,3266903
1,50475996,0.5,1,3266904
1,50476004,0.7,1,3266905
2,50476023,0.5,1,3266906
5,50476038,3,1,3266907
5,50476046,0.016,1,3266908
5,50476048,8.2,1,3266909
5,50461415,0.55,3,3266917
5,50461423,0.1,1,3266918
5,50461449,0.05,1,3266919
16,50461453,5,9,3266920
5,50461455,0.25,3,3266921
5,50461457,12,1,3266922
5,50463808,6,1,3266925
5,50463839,0.2,3,3266926
4,50463841,0.8,1,3266927
16,50463847,26,9,3266928
2,50463855,0.001,1,3266929
16,50463857,159,9,3266930
5,50463869,2.451,3,3266931
5,50463876,29,1,3266932
5,50465041,1.5,1,3266933
5,50467484,0.1,3,3266941
5,50467486,27.451,3,3266942
5,50467512,0.5,3,3266943
5,50471233,0.217,3,3266958
5,50471234,4.12,1,3266959
5,50471239,3,1,3266960
5,50474849,1.9,1,3266968
5,50474857,6,1,3266969
5,50474869,15.88,1,3266970
16,50474877,12.4,1,3266971
5,50474903,0.053,3,3266972
5,50474904,1.828,3,3266973
12,50459073,0.53,1,3266979
13,50459079,26.79,1,3266980
13,50459082,1,9,3266981
12,50459090,1.4,1,3266982
2,50459091,0.72,1,3266983
12,50459092,0.78,1,3266984
5,50459097,35,1,3266985
5,50460319,7.8,1,3266987
5,50461462,0.001,1,3266988
5,50461470,9,1,3266989
5,50461471,0.1,1,3266990
8,50461484,2,1,3266991
5,50461489,0.02,3,3266992
1,50461504,0.001,1,3266993
5,50461507,1,1,3266994
5,50461520,3.101,1,3266995
5,50461523,0.3,1,3266996
5,50505279,2,3,3271189
2,50505315,1.2,1,3271190
5,50506467,0.25,3,3271191
2,50506490,0.19,1,3271192
12,50506491,0.22,1,3271193
12,50510171,0.1,1,3271201
5,50512602,1,1,3271209
5,50512621,28,1,3271210
5,50512623,0.5,1,3271211
12,50512636,0.6,1,3271212
5,50512638,8,1,3271213
5,50512640,2,1,3271214
2,50512646,0.006,1,3271215
5,50496880,373,1,3271221
5,50496885,0.001,3,3271222
5,50496886,0.016,1,3271223
5,50499284,14.7,1,3271228
5,50499290,7,1,3271229
5,50500507,0.017,1,3271233
5,50500520,0.1,1,3271234
2,50500521,6.3,1,3271235
5,50500530,0.002,1,3271236
1,50500533,2,1,3271237
5,50504116,36.2,1,3271247
5,50504129,1.6,1,3271248
5,50504184,3,1,3271249
16,50505333,0.01,9,3271250
5,50507842,0.023,1,3271258
4,50507858,0.5,1,3271259
17,50511492,0.2,1,3271271
5,50511504,5.7,1,3271272
12,50511518,0.33,1,3271273
5,50502999,494,1,3271306
5,50504193,13.8,1,3271309
5,50504234,2.2,1,3271310
1,50507889,1,1,3271314
5,50507902,0.003,1,3271315
2,50507908,0.003,1,3271316
5,50507930,0.035,1,3271317
5,50507953,270,1,3271318
5,50510317,2.4,1,3271323
12,50510318,0.58,1,3271324
5,50510328,1.7,1,3271325
17,50510329,0,,3271326
5,50510333,0.29,3,3271327
5,50511530,13.9,1,3271328
17,50511536,0.5,1,3271329
5,50511545,1.41,1,3271330
5,50511546,6.2,1,3271331
5,50511569,5.7,1,3271332
2,50501892,35,1,3271354
5,50505485,0.5,3,3271362
16,50505486,0.6,1,3271363
5,50505519,3.6,1,3271364
12,50505523,0.4,1,3271365
5,50505527,0,3,3271366
5,50507967,0.56,3,3271369
5,50508003,1,11,3271370
5,50508011,3.6,1,3271371
5,50508023,1,1,3271372
5,50508027,0.9,1,3271373
5,50508029,2.7,1,3271374
5,50508031,1.4,1,3271375
5,50508036,0.1,1,3271376
5,50510389,3,1,3271381
12,50510401,0.4,1,3271382
5,50510408,5,1,3271383
12,50510409,0.2,1,3271384
8,50511634,0.007,1,3271387
16,50511661,179,9,3271388
1,50512836,0.1,1,3271389
5,50512843,0.7,1,3271390
5,50512858,168,1,3271391
5,50512869,1,1,3271392
5,50512882,3.6,1,3271393
5,50497121,10.25,1,3271401
5,50498319,1,1,3271402
2,50499540,0.5,1,3271403
1,50499547,1.3,1,3271404
1,50499556,0.4,1,3271405
5,50499568,2.5,1,3271406
5,50499573,22.6,1,3271407
1,50501922,1.5,1,3271408
8,50501955,0.002,9,3271409
5,50501984,3.5,1,3271410
5,50505571,6.7,1,3271418
5,50505581,11.2,1,3271419
2,50505600,0.08,1,3271420
16,50505607,1,9,3271421
5,50505612,0.21,3,3271422
5,50505619,2.4,1,3271423
5,50508051,1.7,1,3271427
5,50508052,7.2,1,3271428
5,50508058,1,11,3271429
12,50508078,3.4,1,3271430
16,50508099,12,9,3271431
5,50512910,8.3,1,3271438
5,50512913,3.8,1,3271439
5,49572277,1399.1,1,3213464
4,49573457,0.3,1,3213465
5,49573494,2.68,3,3213466
12,49573497,1,1,3213467
5,49573502,0.5,3,3213468
17,49578320,0,,3213477
2,49578321,1,1,3213478
5,49678615,11.8,1,3213489
5,49678619,120,1,3213490
5,49678620,15.7,1,3213491
12,49678630,17.3,1,3213492
2,49678637,11.8,1,3213493
1,49679848,11.1,1,3213494
5,49681004,0.3,3,3213496
5,49681021,3,1,3213497
12,49681030,30.2,1,3213498
5,49681033,0.16,3,3213499
5,49682256,0.067,3,3213507
5,49682277,2.9,1,3213508
5,49683415,2.2,1,3213509
5,49683424,113.4,1,3213510
12,49684636,225,1,3213512
5,49684645,64,1,3213513
5,49684653,29.8,1,3213514
5,49684658,6.6,1,3213515
2,49684664,2.3,1,3213516
5,49685825,4,3,3213518
5,49685846,1.3,3,3213519
4,49685857,0.2,1,3213520
1,49685878,0.5,1,3213521
12,49685886,1,1,3213522
8,49675229,4.4,1,3213540
5,49675264,0.91,3,3213541
12,49677538,0.3,1,3213547
5,49678690,4.9,1,3213550
5,49678713,17.3,1,3213551
5,49678720,15.2,1,3213552
1,49678740,0.3,1,3213553
5,49681081,0.11,3,3213556
1,49681089,0.05,1,3213557
12,49682305,1.2,1,3213566
5,49682313,0.123,3,3213567
5,49682348,0.19,3,3213568
5,49682356,0.105,3,3213569
5,49685906,39.6,1,3213584
5,49685926,23.2,1,3213585
5,49685935,7.6,1,3213586
12,49685939,1.6,1,3213587
1,49668120,0.2,1,3213588
12,49668166,13.4,1,3213589
1,49668175,0.3,1,3213590
1,49675304,2.6,1,3213617
1,49675316,7.7,1,3213618
5,49675329,0.04,3,3213619
5,49675330,0.08,3,3213620
5,49677636,3.1,1,3213629
12,49678752,2.1,1,3213630
17,49682404,4,9,3213647
1,49684809,0.3,1,3213660
2,49686577,6.1,1,3213661
2,49686578,9.4,3,3213662
5,49686582,1,3,3213663
5,49668192,0.271,3,3213669
5,49668221,0.05,3,3213670
5,49668222,0.11,3,3213671
17,49669403,0,,3213672
1,49669425,0.2,1,3213673
1,49669445,2,1,3213674
5,49669456,0.45,3,3213675
5,49669457,0.15,3,3213676
5,49670657,3.2,1,3213679
2,49670662,0.1,1,3213680
1,49670668,1.4,1,3213681
17,49677642,20,9,3213690
1,49677648,0.1,1,3213691
5,49677661,7.1,1,3213692
5,49682434,1.8,1,3213707
5,49682482,0.24,3,3213708
1,49682495,21.4,1,3213709
5,49684858,5,1,3213712
2,49684891,0.6,1,3213713
5,49684896,5.5,1,3213714
12,49684898,0.2,1,3213715
12,49686866,18.8,1,3213717
1,49668273,15.7,1,3213718
5,49668278,0.23,3,3213719
1,49668303,0.4,1,3213720
17,49668323,1,1,3213721
5,49668337,0.7,1,3213722
2,49668339,5.17,1,3213723
5,49669482,0.141,3,3213724
5,49669485,10,1,3213725
12,49669541,113.5,1,3213728
5,49669543,0.307,3,3213729
5,49670697,4.4,1,3213730
5,49670706,4,1,3213731
5,49670743,29.4,1,3213732
17,49673149,10,9,3213733
5,49673178,265.2,1,3213734
1,49674322,0.01,1,3213735
5,49674329,0.655,3,3213736
1,49674356,0.2,1,3213737
5,49675497,0.095,3,3213738
2,49675505,1,11,3213739
2,49675506,0,1,3213740
11,49675511,41,1,3213741
1,49870531,2.3,1,3222412
16,49870539,3.4,1,3222413
1,49871686,9.1,1,3222416
5,49872963,0.204,3,3222423
5,49872964,0.557,3,3222424
5,49872966,0.02,3,3222425
1,49874111,1.8,1,3222426
12,49880828,0.02,1,3222435
5,49880882,1,3,3222436
12,49874245,0.2,1,3222512
2,49879078,0.5,1,3222531
5,49879079,0.1,3,3222532
5,49863604,0.038,3,3222551
1,49863614,0.1,1,3222552
16,49867251,0,1,3222562
12,49867255,0.8,1,3222563
5,49869563,1.98,3,3222572
1,49870736,8.8,1,3222580
1,49870738,0.5,1,3222581
5,49870752,0.25,3,3222582
2,49870760,2.5,1,3222583
1,49871837,0.3,1,3222584
1,49871839,0.2,1,3222585
1,49871846,1.3,1,3222586
5,49871892,0.158,3,3222587
15,49874287,0.1,1,3222593
2,49879147,0.01,3,3222607
1,49879150,0.1,1,3222608
4,49864849,0.5,1,3222624
5,49867282,0.186,3,3222633
5,49867293,0.056,3,3222634
8,49867296,21,1,3222635
5,49895995,0.32,3,3231235
5,49896015,0.07,3,3231236
16,49896016,9,9,3231237
2,49898413,8.8,1,3231248
2,49881338,0.5,1,3231250
2,49887475,11,1,3231312
1,49887491,21.5,1,3231313
1,49889903,0.3,1,3231320
5,49889911,1,1,3231321
5,49889925,6,1,3231322
4,49889937,0.1,1,3231323
5,49889950,0.13,1,3231324
5,49881472,2.39,3,3231384
5,49887501,0.3,3,3231426
5,49887514,0.547,3,3231427
5,49887515,1.285,3,3231428
17,49887517,1,1,3231429
1,49887538,0.4,1,3231430
5,49889967,0.02,3,3231432
1,49881495,5.3,1,3231487
17,49881517,0,,3231488
2,49881524,0.1,1,3231489
5,49881556,16.22,3,3231490
4,49885114,6.7,1,3231495
5,49885142,0.388,3,3231496
1,49885143,0.2,1,3231497
5,49886337,0.07,3,3231498
5,49886393,1,11,3231499
5,49887621,0.06,3,3231500
1,49887628,0.2,1,3231501
4,49887637,41.5,1,3231502
5,49981879,12,1,3235704
12,49981900,4.7,1,3235705
17,49983079,1,1,3235706
5,49990361,0.12,3,3235728
12,49990384,5.3,1,3235730
1,49993963,37,1,3235762
2,49993978,1.5,1,3235763
2,49993984,1,11,3235764
1,49993989,4,1,3235765
1,49981943,0.4,1,3235824
5,49981954,4.17,3,3235825
5,49981957,0.28,3,3235826
12,49983169,0.001,1,3235830
16,49983174,12,1,3235831
5,49983182,0.056,3,3235832
2,49990454,0.9,1,3235870
12,49990501,0.8,1,3235871
5,49990503,4.9,3,3235872
2,49990504,1.2,1,3235873
12,49994030,2,1,3235893
16,50107549,3,9,3240129
16,50107588,3,9,3240130
15,50110671,3.8,1,3240140
8,50110677,0.5,1,3240141
5,50110689,0.54,1,3240142
17,50110729,0,,3240143
12,50110736,16.8,1,3240144
17,50107603,0,,3240200
5,50107604,0.2,1,3240201
5,50107618,3.2,1,3240202
5,50107620,11.3,1,3240203
5,50107631,2,1,3240204
12,50107636,0.07,1,3240205
5,50098436,2.7,1,3240315
12,50098447,0.1,1,3240316
5,50098453,2.89,3,3240317
5,50098485,13.6,1,3240318
5,50097330,0.4,1,3240371
5,50097352,1,1,3240372
5,50097363,1.28,1,3240373
5,50098501,4.4,1,3240374
17,51406962,0,,3320544
5,51406970,3.6,1,3320545
5,51413229,23.4,1,3320615
5,51413247,2.93,3,3320674
5,51413252,7,1,3320675
17,51413255,31.2,1,3320676
5,51413258,2.2,1,3320677
2,51413270,0.4,1,3320678
5,51424123,1.1,1,3320811
16,51424135,0.5,1,3320812
5,51424140,2,3,3320813
5,51424994,0.9,3,3320862
5,51425018,4.3,1,3320863
5,51425029,2.8,1,3320905
5,51407854,0.4,3,3321156
5,51411473,5,1,3321163
5,51411487,2.2,1,3321164
5,51411508,5.2,1,3321165
12,51411510,1.8,1,3321166
5,51411515,2,1,3321167
5,51411519,8.48,1,3321168
5,51411520,3.24,1,3321169
5,51411529,2,1,3321170
5,51411531,2.15,1,3321171
5,51411532,11.2,1,3321172
1,51390219,0.3,1,3322261
5,51406135,5.2,1,3322569
16,51406137,13,9,3322570
2,51406152,0.4,1,3322571
5,51406163,0.08,3,3322572
5,51406173,3.6,1,3322573
5,51406187,1,11,3322627
5,51406199,10.79,1,3322628
5,51406219,0.23,3,3322629
2,51418719,1,1,3320428
5,51418720,21.4,1,3320429
17,51418722,0.2,1,3320430
5,51418724,15.5,1,3320431
12,51414118,0.19,1,3320456
8,49242039,6.8,1,3182466
5,49242067,1.265,3,3182467
8,49242076,9.4,1,3182468
5,49242083,0.31,3,3182469
5,49246399,0.395,3,3182499
5,49246458,0.1,3,3182590
2,49246482,0.4,1,3182591
2,49246500,0.7,1,3182592
16,49246516,4,9,3182672
2,49234979,2.1,1,3182705
16,49234988,30,1,3182706
8,49235003,3.4,1,3182707
5,49235009,0.05,3,3182708
5,49235028,0.635,3,3182709
1,49235040,0.9,1,3182710
5,49235044,0.29,3,3182711
5,49340518,2,3,3186904
5,49340521,1,3,3186905
5,49340525,1,3,3186906
5,49340526,1,3,3186907
5,49340534,1,3,3186908
8,49323560,4,9,3186909
5,49323562,6.9,1,3186910
5,49323563,14.3,1,3186911
1,49323582,0.1,1,3186912
5,49323591,0.5,1,3186913
1,49323592,0.01,1,3186914
5,49323593,11.7,1,3186915
5,49323595,4.1,1,3186916
12,49323598,0.9,1,3186917
5,49323600,5.6,1,3186918
5,49323602,0,,3186919
5,49323607,3.2,1,3186920
5,49323614,6.1,1,3186921
12,49323615,1.9,1,3186922
5,49323616,1.4,1,3186923
5,49323618,0.11,3,3186924
8,49323621,1,9,3186925
2,49323626,0.3,1,3186926
1,49324735,0.1,1,3186931
12,49324748,1.5,1,3186932
5,49324750,0.4,1,3186933
1,49324751,0.1,1,3186934
5,49324762,4.1,1,3186935
5,49324768,0.01,3,3186936
1,49325869,0.001,1,3186937
1,49325872,0.01,1,3186938
5,49325876,1.4,1,3186939
5,49325883,1.6,1,3186940
16,49325884,11.5,9,3186941
5,49325888,1,3,3186942
15,49325902,136,9,3186943
5,49325915,15.8,1,3186944
5,49329355,6,1,3186960
1,49329365,0.001,1,3186961
1,49330417,0.2,1,3186962
5,49330419,0.001,1,3186963
5,49334989,1,1,3187010
1,49334990,0.5,1,3187011
5,49335000,0.6,1,3187012
5,49335001,4,1,3187013
16,49335019,241,9,3187014
5,49335020,4,1,3187015
5,49335028,3,3,3187016
5,49335030,3,1,3187017
2,49335031,1,1,3187018
5,49335034,2,1,3187019
5,49340613,1,3,3187050
5,49340617,2,3,3187051
5,49340627,1,3,3187052
5,49323636,0.009,1,3187053
2,49323659,0.3,1,3187054
8,49315630,4.19,1,3191273
1,49316804,0.4,1,3191342
15,49317907,5,9,3191343
5,49317909,0.66,3,3191344
5,49317911,0.381,3,3191345
2,49317913,0.32,1,3191346
5,49317918,0.239,3,3191347
5,49317928,9.98,1,3191348
1,49317932,0.45,1,3191349
5,49317934,0.41,3,3191350
5,49317941,3.7,1,3191351
5,49317950,2.2,1,3191352
15,49317953,3,9,3191353
1,49317954,0.01,1,3191354
5,49317955,10.6,1,3191355
5,49317956,20.8,1,3191356
5,49317967,14.1,1,3191357
5,49317970,3.1,1,3191358
5,49317971,9.6,1,3191359
5,49320274,0.123,3,3191400
5,49320292,0.008,3,3191401
5,49305000,0.1,3,3191428
5,49305014,0.08,3,3191429
2,49306197,3,9,3191430
8,49307430,1,9,3191431
1,49307443,2,9,3191432
5,49307444,0.09,3,3191433
5,49308606,5.2,1,3191434
5,49310938,2,10,3191447
2,49310976,0.6,1,3191448
2,49310981,0.1,1,3191449
5,49310986,1.22,3,3191450
15,49313312,1.81,1,3191471
5,49313346,3.41,1,3191472
2,49314466,1,11,3191473
5,49314469,2.43,3,3191474
2,49314478,4.7,1,3191475
5,49314530,0.09,3,3191476
1,49316821,0.1,1,3191493
1,49316822,0.01,1,3191494
1,49316828,0.01,1,3191495
16,49316844,5,1,3191496
5,49316850,0.2,3,3191497
1,49316854,2.1,1,3191498
5,49316855,1.4,1,3191499
5,49316873,1,1,3191500
5,49316876,1.2,1,3191501
2,49317984,0.01,1,3191502
12,49317994,0.01,1,3191503
1,49318001,0.001,1,3191504
5,49318004,62.98,4,3191505
8,49318008,12.25,1,3191506
12,49318013,18.01,1,3191507
5,49318015,0.046,3,3191508
2,49318019,0.01,1,3191509
5,49318023,2.04,1,3191510
5,49318033,0.065,3,3191511
8,49318034,20.31,1,3191512
5,49318037,16.97,1,3191513
5,49318040,0.76,3,3191514
2,49320299,7.18,1,3191542
5,49320322,0.05,3,3191543
2,49320326,0.71,1,3191544
5,49320330,0.023,3,3191545
8,49320334,5.6,1,3191546
8,49320338,45.33,1,3191547
5,49320339,0.037,3,3191548
2,49477228,1,1,3195799
5,49477235,0.14,3,3195800
1,49477240,0.8,1,3195801
1,49477255,0.2,1,3195802
1,49476113,0.3,1,3195876
2,49476124,0.4,1,3195877
1,49476130,0.01,1,3195878
12,49443832,2,1,3200134
5,49443875,1,3,3200135
8,49444990,2,9,3200141
5,49445005,0.1,1,3200142
5,49445010,0.56,3,3200143
5,49445012,1.1,3,3200144
5,49446127,27,1,3200146
5,49446132,1.5,1,3200147
2,49446133,1.5,1,3200148
17,49452024,0,,3200167
2,49452029,0.1,1,3200168
5,49452031,0.1,3,3200169
5,49452038,0.1,3,3200170
5,49452051,15,1,3200171
5,49452052,1.1,3,3200172
15,49453229,6,9,3200175
5,49453232,9.8,1,3200176
15,49453233,0.5,9,3200177
17,49453243,0,,3200178
5,49453271,0.1,3,3200179
16,49453291,2,9,3200180
2,49453293,0.2,1,3200181
15,49453294,3.5,9,3200182
5,49456413,0.4,3,3200188
1,49456417,0.1,1,3200189
1,49456421,0.4,1,3200190
5,49456436,0.2,3,3200191
15,49456444,56,9,3200192
5,49456456,0.104,3,3200193
5,49456479,0.1,3,3200194
2,49443881,2,1,3200214
1,49443897,0.2,1,3200215
1,49443899,0.5,1,3200216
1,49443904,0.01,1,3200217
1,49443912,1,1,3200218
1,49443913,22.9,1,3200219
15,49445023,5,9,3200223
1,49446136,2.2,1,3200230
17,49446138,0,,3200231
2,49446140,0.6,1,3200232
8,49446148,3,9,3200233
1,49446151,0.3,1,3200234
5,49446157,2.9,1,3200235
8,49446160,5.5,9,3200236
5,49446163,2,1,3200237
8,49446164,180,9,3200238
12,49446165,0.1,1,3200239
5,49446166,0.4,3,3200240
2,49446167,11,1,3200241
1,49446175,0.3,1,3200242
1,49446176,1.8,1,3200243
1,49446177,1.2,1,3200244
12,49446187,277.7,1,3200245
2,49453299,0.9,1,3200265
5,49453305,1,1,3200266
5,49453306,0.4,3,3200267
5,49453309,1.1,3,3200268
1,49453313,2,1,3200269
1,49453320,1.3,1,3200270
5,49453324,5.4,1,3200271
5,49453329,2,1,3200272
1,49453331,0.1,1,3200273
2,49453333,0.9,1,3200274
17,49453362,0,,3200275
5,49453366,1,1,3200276
17,49454562,0,,3200278
1,49456487,0.02,1,3200279
2,49456489,0.08,1,3200280
5,49456520,0.1,3,3200281
2,49456526,0.5,1,3200282
8,49439156,1,9,3200289
1,49439165,0.1,1,3200290
17,49439175,0,,3200291
5,49439176,3.5,1,3200292
1,49439179,3,1,3200293
5,49439181,2,1,3200294
8,49439186,4,9,3200295
1,49439201,0.1,1,3200296
5,49439203,6,1,3200297
12,49441619,1,3,3200303
8,49447379,1,9,3200327
1,49447381,0.3,1,3200328
1,49447382,0.1,1,3200329
1,49447385,3,1,3200330
8,49447391,3,9,3200331
5,49447400,5.5,1,3200332
5,49447403,71,1,3200333
2,49447404,0.02,1,3200334
5,49447421,13,1,3200335
5,49447423,0.5,3,3200336
1,49451030,0.4,1,3200356
5,49451031,3.4,1,3200357
1,49451036,0.2,1,3200358
1,49451042,0.1,1,3200359
5,49451044,5.6,1,3200360
1,49451045,0.5,1,3200361
8,49453373,19,9,3200364
2,49453374,5,1,3200365
1,49453384,0.3,1,3200366
17,49453391,0,,3200367
2,49453392,0.8,1,3200368
17,49453393,0,,3200369
1,49453398,1.3,1,3200370
1,49453399,1.9,1,3200371
1,49453408,0.4,1,3200372
2,49453409,3.7,1,3200373
1,49453412,1.3,1,3200374
1,49453416,0.5,1,3200375
5,49453417,0.1,1,3200376
5,49453424,0.1,3,3200377
1,49453433,1.7,1,3200378
8,49453444,1,9,3200379
1,49454584,0.8,1,3200380
1,49454595,0.1,1,3200381
1,49454597,1.2,1,3200382
5,49454602,0.2,3,3200383
17,49454603,0,,3200384
1,49454604,0.01,1,3200385
15,49454609,19,9,3200386
5,49434327,1,3,3204599
5,49434329,1.42,3,3204600
12,49434338,7.8,1,3204601
5,49434341,38,3,3204602
5,49434349,1,3,3204603
1,49421087,3,1,3204630
5,49421120,1,3,3204631
5,49421146,1,3,3204632
12,49421149,7,1,3204633
5,49434375,1,3,3204678
2,49434395,1,1,3204679
12,49421152,1,1,3204701
8,48513549,13,1,3137915
5,48513586,0.5,3,3137930
5,48514830,0.2,3,3137932
12,48514893,0.7,1,3137945
5,48514910,0.2,3,3137946
1,48514938,0.1,1,3137947
5,48512553,0.2,3,3137954
12,48512557,3.6,1,3137955
5,48512592,0.285,3,3137964
16,48512621,4.4,1,3137965
5,48513940,2,1,3137979
5,48513949,3,8,3137980
5,48513959,0.67,3,3137987
5,48513961,5,1,3137988
1,48513962,2.3,1,3137989
5,48513993,0.317,3,3137990
5,48514009,0.195,3,3137991
5,48515243,136.5,1,3137994
12,48514052,0.2,1,3138001
1,48514053,1.4,1,3138002
1,48514057,1.8,1,3138003
5,48514081,0.02,3,3138004
1,48514087,0.1,1,3138005
5,48514088,1.54,3,3138006
1,48514090,0.4,1,3138007
5,48515287,1.051,3,3138008
5,48514121,0.5,1,3138025
5,48514149,0.005,3,3138026
12,48514152,0.01,1,3138027
5,48514165,0.035,3,3138028
2,48514172,0.1,1,3138029
5,48514177,0.303,3,3138030
12,48514209,31.1,1,3138047
5,48513089,0.75,3,3138067
1,48513169,7.8,1,3138086
12,48513174,19.33,1,3138087
5,48513185,7.33,3,3138088
5,48514369,0.124,3,3138089
5,48514453,0.21,3,3138100
5,48515684,0.26,3,3138101
2,48515777,0.03,1,3138117
5,48513456,8.3,1,3138150
1,48513461,4.3,1,3138151
5,48515881,0.38,3,3138159
5,48526626,0.025,3,3138170
1,48526630,0.6,1,3138171
5,48527900,1,3,3138172
1,48598580,4.6,1,3142474
17,48598616,0,,3142566
5,48598617,0.021,3,3142567
5,48598630,0.067,3,3142568
5,48601072,1.1,1,3142580
5,48598723,0.1,3,3142670
2,48598725,1,1,3142671
2,48601089,4,1,3142676
2,48601091,9.7,1,3142677
1,48601103,0.6,1,3142678
5,49074750,4.998,3,3173595
5,49074788,0.49,3,3173596
5,49074843,1.05,3,3173684
1,49074847,0.8,1,3173685
5,49074854,0.16,3,3173686
5,49076109,2,1,3173790
5,49076114,0.84,3,3173791
2,49076121,2.06,1,3173792
1,49076123,0.1,1,3173793
2,49076128,0.3,1,3173794
5,49077333,0.4,3,3173799
1,49077335,2,1,3173800
5,49241067,0.155,3,3182757
5,49241071,0.715,3,3182758
5,49241093,0.07,3,3182759
2,49241096,0.1,1,3182760
5,49241117,0.13,3,3182761
12,49241121,0.3,1,3182856
5,49241139,6.295,3,3182857
5,49233999,0.175,3,3182994
5,49234002,3.3,3,3182995
1,49234043,1.6,1,3182996
12,49234044,81.8,1,3182997
5,49328285,0.26,3,3187136
5,49329412,0.4,1,3187137
5,49329417,431,1,3187138
5,49329441,17.2,1,3187139
5,49329454,0.7,1,3187140
5,49330551,3.5,1,3187146
15,49330553,5,9,3187147
5,49330554,0.09,3,3187148
5,49330558,0.4,1,3187149
5,49330559,0.6,1,3187150
12,49335042,0.01,1,3187173
5,49335085,1,3,3187174
5,49335095,1,3,3187175
5,49335098,1.34,3,3187176
12,49337442,0.42,1,3187184
5,49337463,0,,3187185
4,49337477,0,,3187186
5,49337482,0,,3187187
12,49337498,0,,3187188
8,49337501,0,,3187189
5,49340638,1,3,3187208
12,49340654,1,9,3187209
8,49324907,0,,3187260
5,49296778,0.005,3,3187344
5,49296779,4.495,3,3187345
5,49299248,1.6,3,3187346
5,49299259,0.105,3,3187347
2,49300401,0.2,1,3187348
12,49300413,0.2,1,3187349
5,49300421,0.04,3,3187350
1,49300429,7.8,1,3187351
5,49300438,0.14,3,3187352
1,49301607,3.6,1,3187354
16,49302857,0.05,1,3187360
5,49287366,0.16,3,3187374
12,49287374,4.7,1,3187375
5,49287386,0.445,3,3187376
8,49287393,5.3,1,3187377
16,49287397,11.4,1,3187378
5,49292026,0.4,3,3187403
5,49292065,0.3,3,3187404
1,49292086,0.6,1,3187405
5,49307485,35,1,3191613
8,49307503,1,9,3191614
8,49307504,9,9,3191615
5,49307531,1.48,1,3191616
5,49307533,0.47,3,3191617
5,49307537,0.06,3,3191618
5,49311017,1.04,3,3191629
15,49312216,1.31,1,3191632
2,49312217,0.58,1,3191633
8,49312219,4.07,1,3191634
8,49312236,7,9,3191635
5,49312245,0.33,3,3191636
5,49312255,0.02,3,3191637
5,49312269,0.27,3,3191638
17,49312270,3.41,1,3191639
5,49313381,6.64,1,3191640
8,49314550,44,9,3191666
5,49315783,0.044,3,3191672
5,49315823,3.8,3,3191673
12,49315824,0.96,1,3191674
2,49316892,1,1,3191675
1,49316922,0.2,1,3191676
5,49316926,10,1,3191677
1,49316935,0.001,1,3191678
5,49318052,0.157,3,3191688
5,49318056,0.141,3,3191689
10,49318062,0.001,1,3191690
5,49318075,0.2,1,3191691
12,49318086,19.61,1,3191692
5,49318088,0.53,1,3191693
15,49318089,0.58,1,3191694
5,49318090,20.56,4,3191695
5,49318096,0.189,3,3191696
5,49318103,0.8,1,3191697
8,49318105,1,9,3191698
2,49318107,0.2,1,3191699
5,49318112,11.7,1,3191700
5,49319218,0.21,3,3191701
5,49319219,0.11,3,3191702
2,49319236,0.16,1,3191703
5,49319237,0.593,3,3191704
15,49319243,1.54,1,3191705
5,49319254,5.65,1,3191706
5,49319255,0.441,3,3191707
5,49319278,3.5,1,3191708
5,49305114,0.035,3,3191779
1,49308786,88,1,3191800
5,49308802,0.42,3,3191801
2,49309922,3.9,1,3191802
1,49309928,2.4,1,3191803
1,49309935,21.9,1,3191804
5,49309947,0.28,3,3191805
8,49312286,66,9,3191810
16,49312288,38.61,1,3191811
2,49312289,2.45,1,3191812
5,49312299,1,1,3191813
5,49312301,0.033,3,3191814
5,49312302,3.84,1,3191815
5,49312311,2.8,1,3191816
1,49476268,0.3,1,3196122
5,49476271,0.8,1,3196123
1,49476275,0.2,1,3196124
16,49482120,1,1,3196151
5,49482169,4,1,3196152
1,49476301,15,1,3196212
5,49476306,0.13,3,3196213
5,49476337,0.01,3,3196214
5,49476344,0.2,3,3196215
5,49476345,8.5,1,3196216
2,49476371,11,1,3196217
8,49439204,1,9,3200406
5,49439212,0.2,3,3200407
1,49439219,0.3,1,3200408
1,49439222,0.8,1,3200409
1,49439223,0.2,1,3200410
5,49439225,0.1,1,3200411
17,49444054,1,9,3200426
5,49445167,1,3,3200427
16,49445215,4,1,3200428
5,49445228,1,3,3200429
5,49447427,5.1,1,3200436
1,49447429,0.1,1,3200437
5,49447433,11,1,3200438
2,49447435,1.9,1,3200439
1,49447443,0.4,1,3200440
5,49447451,0.5,1,3200441
2,49447453,1.8,1,3200442
17,49447458,0,,3200443
5,49447467,0.2,1,3200444
5,49447474,0.5,3,3200445
5,49447484,7,1,3200446
1,49447496,0.8,1,3200447
1,49451054,4.3,1,3200464
1,49451056,0.01,1,3200465
5,49451057,0.1,3,3200466
5,49451069,1,1,3200467
5,49451073,4,1,3200468
5,49451074,27,1,3200469
12,49451077,0.5,1,3200470
1,49451082,0.3,1,3200471
1,49451089,0.8,1,3200472
1,49451090,3.9,1,3200473
1,49451101,2.7,1,3200474
16,49453448,27,9,3200480
8,49444117,2,9,3200516
1,49444119,4.1,1,3200517
1,49444120,0.1,1,3200518
8,49444124,365,9,3200519
5,49444126,0.5,1,3200520
17,49444139,0,,3200521
1,49444141,5.3,1,3200522
5,49444155,1.3,1,3200523
8,49444158,14,9,3200524
2,49444164,0.3,1,3200525
1,49444166,0.1,1,3200526
1,49444167,0.2,1,3200527
17,49444168,0,,3200528
8,49444169,1,9,3200529
17,49444171,0,,3200530
5,49445269,2,3,3200531
5,49445288,6,1,3200532
5,49445311,1,3,3200533
5,49447541,1,3,3200536
5,49447564,1,3,3200537
1,49453596,0.3,1,3200573
16,49440642,1,11,3200593
16,49440645,1,11,3200594
16,49440647,1,9,3200595
5,49440648,1,3,3200596
5,49440649,2,3,3200597
5,49440650,1,3,3200598
5,49440651,1,3,3200599
5,49440652,1,3,3200600
16,49446461,63,1,3200628
5,49446462,1,3,3200629
5,49446497,2,3,3200630
5,49447603,4.1,1,3200631
5,49452457,2,3,3200666
15,49453602,7,9,3200667
1,49453603,3.6,1,3200668
1,49453606,0.01,1,3200669
5,49453608,0.9,3,3200670
5,49453614,0.02,3,3200671
1,49453623,0.01,1,3200672
5,49453643,6.3,1,3200673
1,49453654,0.01,1,3200674
16,49420143,3,9,3204843
16,49420144,1,11,3204844
12,49420145,7.2,1,3204845
5,49420146,5.6,1,3204846
1,49420148,18.1,1,3204847
12,49420152,681.1,1,3204848
5,49420183,1,3,3204849
5,49420185,2,3,3204850
5,49420187,1,3,3204851
2,49420188,2,1,3204852
5,49420189,1,3,3204853
5,49420190,2,3,3204854
5,49420191,1,3,3204926
5,49420192,1,3,3204927
5,49420193,2,3,3204928
5,49420194,1,3,3204929
16,49420195,1,1,3204930
16,49420196,1,1,3204931
5,49420197,2,3,3204932
5,49420198,1,3,3204933
5,49420199,1,3,3204934
5,49420200,5,4,3204935
5,49420201,2,3,3204936
5,49420202,1,3,3204937
16,49421491,1,1,3205006
5,49421492,1,3,3205007
5,49421493,1,3,3205008
5,49421494,2,3,3205009
5,49421495,1,3,3205010
5,49421496,1,3,3205011
12,49421497,1,1,3205012
5,49421498,1,3,3205013
5,49421499,2,3,3205014
5,49421500,1,3,3205015
12,49421501,3,1,3205016
12,48527911,3034,1,3138187
5,48525689,0.8,3,3138205
5,48525690,3.5,1,3138206
12,48525693,1,1,3138207
1,48525695,1.7,1,3138208
5,48525735,1,3,3138223
1,48525736,0.9,1,3138224
5,48525750,0.56,3,3138225
5,48525758,3.724,3,3138226
16,48526974,3.5,1,3138227
5,48526975,0.1,3,3138228
2,48526980,0.01,1,3138229
5,48526989,0.15,3,3138230
1,48526991,0.78,3,3138231
1,48527005,0.5,1,3138238
12,48527009,3,1,3138239
1,48527049,0.4,1,3138240
12,48527051,0.21,1,3138241
5,48527052,4,1,3138242
12,48527055,2877,1,3138243
1,48527062,8,1,3138244
5,48526046,0.7,1,3138292
5,48529698,0.028,3,3138304
5,48529723,4,1,3138305
1,48526094,0.5,1,3138306
12,48529738,3,1,3138322
5,48529746,0.149,3,3138323
5,48529812,0.22,3,3138335
1,48529826,0.2,1,3138336
5,48529829,0.08,3,3138337
12,48529830,0.095,3,3138338
5,48527493,0.94,3,3138346
5,48527497,0.5,3,3138347
1,48529993,0.2,1,3138379
1,48529997,45.2,1,3138380
1,48529999,0.2,1,3138381
2,48530001,2.7,1,3138382
1,48528853,0.2,1,3138392
2,48528867,0.6,1,3138393
1,48530045,2.8,1,3138396
5,48530046,4.2,3,3138397
5,48530047,0.135,3,3138398
2,48530058,0.8,1,3138399
1,48530074,0.4,1,3138400
1,48530077,10,1,3138401
2,48530106,0.2,1,3138402
1,48526522,0.02,1,3138408
5,48526525,9,1,3138409
5,48526581,1.49,3,3138418
2,48601115,9.8,1,3142679
12,48601156,12.76,1,3142680
16,48606314,1,11,3142702
1,48606340,28.1,1,3142703
1,48606343,0.2,1,3142704
5,48606359,1,11,3142705
5,48598761,0.07,3,3142746
14,48598769,5,1,3142747
5,48598773,19,1,3142748
12,48601161,0.2,1,3142757
2,48601195,92.4,1,3142758
5,48606369,0.28,3,3142774
1,48606383,0.1,1,3142775
5,48598851,0.07,3,3142819
1,48598869,0.9,1,3142820
1,48598884,1.2,1,3142821
5,48598888,0.3,3,3142822
5,48604865,1.9,3,3142837
1,48604872,0.2,3,3142838
12,48604873,0.25,1,3142839
5,48597643,1,1,3142890
2,48597646,0.2,1,3142891
5,48597652,5.5,1,3142892
1,48597663,0.8,1,3142893
2,48597675,0.2,1,3142894
5,48597693,2.9,1,3142895
12,48600167,36,1,3142900
5,48600173,4.1,1,3142901
2,48605751,0.2,1,3142935
17,49105201,1,9,3165239
5,49105202,1,3,3165240
5,49105205,1,3,3165241
5,49105211,1,3,3165242
1,49076148,0.1,1,3173869
2,49075158,0.3,1,3174043
5,49075159,0.57,3,3174044
5,49075182,0.305,3,3174125
1,49075199,0.2,1,3174126
5,49075204,0.564,3,3174127
1,49075218,0.1,1,3174128
8,49234054,1,1,3182998
8,49234062,13.1,1,3182999
1,49234083,7.4,1,3183068
8,49234104,21.9,1,3183069
5,49243760,0.545,3,3183118
12,49243773,0.8,1,3183119
1,49243786,0.001,1,3183120
5,49242677,0.125,3,3183210
5,49242699,0.32,3,3183265
1,49242753,0.5,1,3183266
8,49293223,2.1,1,3187408
12,49293239,1.3,1,3187409
12,49295657,1,1,3187426
16,49295704,0.002,1,3187427
16,49295712,0.7,1,3187428
17,49296895,5.6,1,3187429
1,49296909,1.3,1,3187430
16,49299290,1.002,1,3187431
1,49299295,0.5,1,3187432
15,49299304,1.4,1,3187433
5,49300472,0.49,3,3187434
5,49300483,0.495,3,3187435
5,49301697,0.36,3,3187436
5,49301713,1.07,4,3187437
5,49301727,0.23,3,3187438
11,49301732,1,9,3187439
8,49302895,23,9,3187440
5,49302909,0.25,3,3187441
1,49287435,0.001,1,3187453
5,49287448,0.001,3,3187454
5,49287449,6.225,3,3187455
16,49292108,10,9,3187490
5,49292126,0.075,3,3187491
2,49293283,0.5,1,3187493
16,49293287,0.3,1,3187494
16,49293335,2,1,3187495
1,49293338,30.7,1,3187496
5,49293352,0.015,3,3187497
12,49295752,3,1,3187507
5,49295778,0.14,3,3187508
5,49298169,0.05,3,3187513
1,49298181,0.1,1,3187514
5,49298198,0.11,3,3187515
16,49298202,1,1,3187516
8,49299344,11.7,1,3187517
5,49299350,0.015,3,3187518
12,49299353,7.2,1,3187519
1,49299369,0.1,1,3187520
12,49299374,0.8,1,3187521
8,49299408,12,9,3187522
5,49301754,0.03,3,3187528
5,49301767,27.38,3,3187529
2,49301773,3,1,3187530
5,49301774,0.06,3,3187531
16,49297003,3.5,9,3187634
5,49297016,0.135,3,3187635
17,49298231,0,,3187639
8,49299466,7.3,1,3187640
8,49299468,0.3,1,3187641
1,49299486,0.2,1,3187642
5,49314673,0.62,3,3191846
16,49482175,17,9,3196254
5,49476387,0.29,3,3196304
2,49481181,5.9,4,3196441
5,49481186,7.6,1,3196442
5,49481193,17.3,1,3196443
5,49481203,27.1,1,3196444
15,49481229,1,9,3196521
12,49481246,4,1,3196522
5,49481250,9.5,1,3196523
5,49481273,22.77,3,3196524
2,49440653,1,1,3200681
5,49440654,1,3,3200682
5,49440655,2,3,3200683
16,49440656,1,1,3200684
5,49440657,2,3,3200685
5,49440658,1,3,3200686
5,49440659,2,3,3200687
5,49440660,1,3,3200688
5,49440661,1,3,3200689
5,49440673,1,3,3200690
5,49440684,4,3,3200691
5,49440703,1,3,3200692
5,49444329,6,1,3200714
5,49446532,3.1,1,3200725
15,49448917,17,9,3200738
5,49448923,1.3,1,3200739
15,49448929,1,9,3200740
5,49448937,0.01,1,3200741
2,49448938,1,1,3200742
2,49448939,0.5,1,3200743
2,49448946,0.3,1,3200744
5,49452499,0.1,3,3200755
2,49452504,0.5,1,3200756
1,49452508,0.1,1,3200757
1,49452514,0.1,1,3200758
5,49452516,1.5,1,3200759
1,49453677,0.3,1,3200760
1,49453681,0.1,1,3200761
1,49453700,0.8,1,3200762
2,49453705,0.3,1,3200763
8,49453706,1,9,3200764
5,49453707,0.01,1,3200765
17,49453721,0,,3200766
17,49453725,0,,3200767
5,49446600,1,3,3200813
5,49446604,2,3,3200814
1,49446617,1,1,3200815
5,49446631,1,3,3200816
5,49446639,1,3,3200817
2,49448950,1.4,1,3200821
4,49448951,0.8,1,3200822
1,49448953,0.01,1,3200823
5,49448956,1,1,3200824
5,49448958,4.1,3,3200825
17,49448964,0,,3200826
5,49448976,3,1,3200827
1,49448995,0.01,1,3200828
5,49448998,1,1,3200829
5,49449000,1,1,3200830
5,49449003,0.1,3,3200831
2,49449008,2.4,1,3200832
1,49449012,0.1,1,3200833
2,49452555,0.1,1,3200853
5,49452565,1,1,3200854
15,49452578,26,9,3200855
5,49452581,0.1,3,3200856
15,49452589,1,9,3200857
2,49452590,84,1,3200858
5,49452591,0.8,1,3200859
5,49452593,2.4,3,3200860
2,49452601,0.02,1,3200861
5,49452604,0.13,3,3200862
5,49452610,0.5,3,3200863
5,49455744,0.4,1,3200880
1,49455747,0.1,1,3200881
1,49455751,0.3,1,3200882
5,49455753,4.1,3,3200883
12,49455760,16,1,3200884
12,49455788,16,1,3200885
2,49455799,0.6,1,3200886
1,49455808,0.01,1,3200887
12,49443209,1,1,3200906
2,49547494,2.9,1,3207358
1,49547510,0.2,1,3207359
17,49546400,31.2,1,3207454
1,49547559,0.2,1,3207455
12,49547587,0.01,1,3207456
1,49547591,0.01,1,3207457
16,49547617,1,11,3207458
1,49547620,0.4,1,3207459
5,49547622,0.26,3,3207460
1,49548820,0.9,1,3207465
1,49545228,0.25,1,3207509
12,49545230,0.06,1,3207510
4,49545236,0.2,1,3207511
2,49545260,1400,1,3207512
17,49545282,1,11,3207513
16,49545286,0.5,1,3207514
5,49545296,1,11,3207515
5,49546426,0.617,3,3207516
2,49546433,0.5,1,3207517
5,49546472,0.04,3,3207518
1,49548835,0.5,1,3207521
12,49548871,0.4,1,3207522
5,49550052,0.08,3,3207523
16,49550068,1,1,3207524
17,49550078,0,,3207525
16,49550080,1.5,1,3207526
2,49550089,0.4,1,3207527
5,49548911,1.13,3,3207576
12,49550109,0,1,3207579
1,48523541,0.3,1,3138516
5,48523543,0.17,3,3138517
5,48523560,0.35,3,3138518
16,48523566,1,9,3138519
1,48523578,0.4,1,3138520
1,48523590,5.2,1,3138521
1,48524729,0.9,1,3138522
12,48524750,0.3,1,3138523
4,48524751,0.3,1,3138524
5,48524759,0.067,3,3138525
17,48524790,0,,3138526
1,48524791,0.3,1,3138527
5,48523609,0.123,3,3138538
8,48524802,2,1,3138542
16,48524819,4,9,3138543
1,48524833,1.5,1,3138544
12,48524849,0.001,1,3138545
5,48522590,0.077,3,3138569
5,48522604,1.6,1,3138570
5,48522635,0.05,3,3138589
1,48522656,17.7,1,3138590
1,48522667,0.5,1,3138591
4,48538531,3,1,3138715
2,48538539,0.2,1,3138716
5,48538567,2.3,1,3138717
5,48538573,0.19,3,3138718
5,48538582,91,1,3138719
5,48536279,15,1,3138739
2,48536280,0.4,1,3138740
5,48536298,0.19,3,3138741
5,48536309,71.4,3,3138742
12,48536344,1.2,1,3138753
17,48536350,0,,3138754
1,48597706,4.7,1,3142981
5,48597719,2.2,3,3142982
5,48597734,0.01,3,3142983
1,48600198,3.5,1,3142988
1,48600199,0.2,1,3142989
16,48600207,3,1,3142990
5,48600208,0.19,3,3142991
5,48600211,0.2,3,3142992
12,48600237,285,1,3142993
5,48600244,0.14,3,3142994
5,48600258,0.2,3,3142995
15,48600264,0.4,1,3142996
5,48605066,0.123,3,3143016
1,48605083,0.5,1,3143017
5,48605827,1,3,3143018
5,48597786,3.755,3,3143058
12,48597788,3.5,1,3143059
5,48597789,0.16,3,3143060
12,48597793,0.03,1,3143061
1,48597801,0.1,1,3143062
5,48597820,4.8,3,3143063
5,48597837,0.17,3,3143064
1,48597841,0.06,1,3143065
4,48600265,0.02,1,3143068
1,48600268,1.2,1,3143069
16,48600289,3,9,3143070
5,48605850,1,3,3143090
5,48605854,1.4,1,3143091
12,48605857,179.6,1,3143092
1,48597905,1.3,1,3143137
1,48597938,0.3,1,3143201
5,48597945,1.26,3,3143202
5,48597947,0.03,1,3143203
5,48597953,8.5,3,3143204
1,48597959,5.8,1,3143205
1,48597966,0.7,1,3143206
5,48597972,13.1,1,3143207
1,48597982,8,1,3143208
5,48597988,1.5,1,3143209
5,48597992,7.9,1,3143210
12,48597996,5.8,1,3143211
16,48599274,2,9,3143217
1,48600426,2.5,1,3143218
2,48600429,0.3,1,3143219
1,49097073,0.2,1,3165297
5,49097097,99.5,1,3165298
5,49097105,0.1,3,3165299
1,49098277,0.001,1,3165300
1,49102875,8.3,1,3165317
5,49102898,1,3,3165318
1,49102905,0.2,1,3165319
5,49102907,5.4,1,3165320
8,49102917,168,1,3165321
5,49102920,1876.6,1,3165322
13,49104090,0.4,1,3165325
4,49104091,42.1,1,3165326
5,49104096,4.1,3,3165327
8,49104104,5,1,3165328
5,49105234,1,3,3165329
5,49105252,1,3,3165330
5,49105255,2,3,3165331
5,49105257,1,3,3165332
1,49105258,1,1,3165333
1,49105261,1,1,3165334
5,49105263,1,3,3165335
1,49105266,1,1,3165336
5,49105269,1,3,3165337
5,49105272,2,3,3165338
12,49105280,1,1,3165339
5,49105283,1,3,3165340
5,49105285,1,3,3165341
1,49105292,1,3,3165342
17,49105295,1,1,3165343
5,49053900,0.01,3,3165377
2,49053912,2.2,1,3165378
5,49098344,22,1,3165398
1,49098347,11,1,3165399
1,49102927,0.5,1,3165427
2,49102945,252,1,3165428
5,49102957,0.02,3,3165429
5,49102960,0.22,3,3165430
1,49102964,0.01,1,3165431
8,49102970,2.5,1,3165432
1,49102993,23.6,1,3165433
5,49104107,0.26,3,3165434
1,49104110,1.5,1,3165435
5,49104111,0.15,3,3165436
5,49104112,2.2,1,3165437
5,49104144,0.1,3,3165438
17,49105299,1,1,3165442
2,49108949,1.3,1,3165455
5,49108977,1,3,3165456
17,49108978,2,9,3165457
1,49108985,1,1,3165458
5,49110547,1,3,3165459
5,49110548,1,3,3165460
17,49110552,1,9,3165461
5,49110561,1,3,3165462
5,49099581,1,3,3165497
5,49102997,1,3,3165501
5,49103001,0.002,3,3165502
1,49109003,1,8,3165521
17,49109012,1,9,3165522
16,49096163,1,1,3165557
1,49096167,0.8,1,3165558
5,49098495,2.9,1,3165566
5,49098515,1,3,3165567
5,49090967,0.96,3,3174191
1,49090970,0.01,1,3174192
5,49090975,0.18,3,3174193
5,49090976,0.2,3,3174194
1,49075256,1,1,3174209
12,49075262,0.9,1,3174210
1,49078886,0.2,1,3174226
5,49078900,8,1,3174227
5,49078938,0.31,3,3174228
1,49078939,0.1,1,3174229
5,49078949,0.135,3,3174230
1,49046628,0.5,1,3174387
10,49046635,0.01,1,3174388
2,49046642,1,1,3174389
1,49046646,18,1,3174390
2,49046661,0.3,1,3174391
5,49046672,4.4,1,3174392
1,49046683,0.2,1,3174393
1,49047839,0.1,1,3174394
8,49047870,43,1,3174395
5,49049023,0.08,3,3174399
11,49049025,0.5,1,3174400
11,49049029,3.6,1,3174401
1,49049030,0.01,1,3174402
2,49050208,17,1,3174406
5,49050212,11.8,1,3174407
5,49050230,3.1,1,3174408
5,49050236,0.01,3,3174409
5,49050237,2,3,3174410
5,49050248,0.6,1,3174411
5,49050253,10.8,1,3174412
1,49124394,0.3,1,3178885
15,49124399,2.1,1,3178886
5,49124423,0.105,3,3178887
1,49124427,0.1,1,3178888
5,49124435,0.085,3,3178889
5,49128026,0.285,3,3178891
5,49128043,0.285,3,3178892
1,49128055,0.1,1,3178893
1,49128061,0.2,1,3178894
5,49128077,0.045,3,3178895
5,49128079,0.21,3,3178896
17,49111222,4,3,3178911
1,49124457,2.2,1,3178964
5,49124464,5.86,3,3178965
16,49124472,19.8,1,3178966
5,49124475,0.05,3,3178967
12,49124482,1.5,1,3178968
5,49124498,0.63,3,3178969
4,49128116,25.3,1,3178983
8,49128117,1.3,1,3178984
5,49128125,0.325,3,3178985
5,49128135,0.04,3,3178986
5,49111236,4,3,3178991
5,49111255,1,3,3178992
5,49111277,1,3,3178993
8,49111290,3,9,3178994
5,49125792,0.185,3,3179060
5,49125796,0.03,3,3179061
5,49125804,0.29,3,3179062
1,49125812,1.6,1,3179063
8,49128179,0.3,1,3179074
2,49128183,0.3,1,3179075
5,49128188,0.085,3,3179076
12,49128203,3.8,1,3179077
5,49128208,0.45,3,3179078
5,49128217,0.02,3,3179079
5,49117359,1,3,3179114
12,49241575,1.5,1,3183351
5,49242814,0.1,3,3183360
5,49242833,0.16,3,3183361
15,49241703,1,1,3183442
5,49242853,0.71,3,3183443
15,49242865,10.8,1,3183444
1,49242895,1.6,1,3183445
1,49242921,0.6,1,3183446
5,49241719,0.045,3,3183526
5,49241739,0.1,3,3183527
1,49241750,0.2,1,3183528
5,49241769,0.12,3,3183529
5,49242930,0.065,3,3183530
8,49246122,65,1,3183551
5,49295907,0.05,3,3187740
16,49295914,1,9,3187741
5,49295916,0.76,3,3187742
16,49297109,0.001,1,3187747
5,49297132,0.105,3,3187748
12,49298293,0.05,1,3187749
1,49298331,1.5,1,3187750
1,49298357,1.5,1,3187751
1,49298358,0.1,1,3187752
12,49299515,1.2,1,3187753
12,49299527,4.5,1,3187754
5,49299539,0.045,3,3187755
8,49300721,16,9,3187758
16,49301921,1.2,1,3187760
5,49301922,0.075,3,3187761
1,49301930,4,1,3187762
5,49301941,0.195,3,3187763
5,49301956,0.18,3,3187764
5,49291197,0.015,3,3187796
5,49292365,0.05,3,3187799
5,49292367,0.005,3,3187800
5,49292369,0.03,3,3187801
5,49295979,0.085,3,3187809
15,49295991,2.8,1,3187810
1,49295994,6.8,1,3187811
16,49295999,31.9,1,3187812
12,49296000,34.8,1,3187813
2,49296019,0.3,1,3187814
5,49298405,0.12,3,3187815
5,49298415,0.255,3,3187816
5,49298418,0.035,3,3187817
5,49299605,0.3,3,3187820
2,49299609,1.2,1,3187821
5,49300788,3.92,3,3187822
12,49300790,0.02,1,3187823
5,49300832,0.65,3,3187824
12,49300838,0.3,1,3187825
16,49301984,7,9,3187826
8,49292403,0.1,1,3187878
5,49294777,0.1,3,3187890
2,49294817,3.5,1,3187891
1,49294828,0.4,1,3187892
5,49296076,0.055,3,3187893
2,49297270,0.4,1,3187897
1,49297276,0.1,1,3187898
5,49297294,0.02,3,3187899
5,49300865,0.22,3,3187914
15,49300871,2,9,3187915
5,49300891,0.03,3,3187916
5,49302127,0.995,3,3187919
16,49290165,1,11,3187958
5,49476651,1.4,1,3196591
5,49476660,1.5,3,3196592
17,49476665,1,11,3196593
5,49476669,0.042,3,3196594
5,49481312,1.2,1,3196615
2,49476672,1.1,1,3196680
5,49455113,0.1,3,3200974
5,49455823,0.1,1,3200975
5,49455834,0.1,3,3200976
5,49452737,0.4,3,3201044
1,49455116,0.2,1,3201053
5,49455117,4,1,3201054
15,49455128,2,9,3201055
5,49443361,1,3,3201085
5,49443362,1,3,3201086
5,49443364,1,3,3201087
5,49443365,1,3,3201088
2,49443366,2,1,3201089
5,49443367,2,3,3201090
16,49443368,1,1,3201091
5,49443388,10,3,3201092
5,49443396,1,3,3201093
2,49443400,1,1,3201094
12,49443411,5.4,1,3201095
5,49443417,4.6,1,3201096
5,49446824,5.5,1,3201111
15,49446827,8,9,3201112
15,49446832,1.5,9,3201113
2,49446833,0.4,1,3201114
17,49446840,0,,3201115
8,49446842,1,9,3201116
1,49446843,0.1,1,3201117
5,49446852,0.4,1,3201118
8,49446854,10,9,3201119
5,49447975,1.5,1,3201122
16,49447977,2,9,3201123
5,49447993,4.5,1,3201124
1,49447996,2.9,1,3201125
2,49447998,9.5,1,3201126
1,49448003,166.1,1,3201127
1,49448006,1.8,1,3201128
5,49448013,1,9,3201129
16,49448020,24,9,3201130
8,49448027,25,9,3201131
1,49448030,0.1,1,3201132
5,49449190,1.7,1,3201136
1,49449195,0.4,1,3201137
5,49449200,0.3,3,3201138
5,49449214,0.3,3,3201139
17,49449228,0,,3201140
12,49449239,1.5,1,3201141
1,49451574,1.1,1,3201142
1,49451575,0.4,1,3201143
1,49451577,0.1,1,3201144
1,49451592,0.4,1,3201145
2,49451593,0.8,1,3201146
5,49451596,0.1,3,3201147
2,49451597,0.1,1,3201148
5,49451603,31,1,3201149
5,49451609,0.1,3,3201150
1,49451612,1,1,3201151
4,49451629,4,1,3201152
1,49451635,0.1,1,3201153
1,49451636,0.1,1,3201154
15,49451640,3.5,9,3201155
16,49451643,9,9,3201156
1,49455979,0.5,1,3201173
17,49455982,0,,3201174
5,49455992,1.2,3,3201175
5,49455997,2,1,3201176
5,49455998,11,1,3201177
1,49456011,0.7,1,3201178
12,49456015,6.6,1,3201179
12,49456022,4,9,3201180
5,49443439,1,3,3201198
5,49443451,1,3,3201199
5,49443484,1,3,3201200
5,49443495,1,3,3201201
17,49448037,0,,3201220
17,49448046,0,,3201221
16,49448049,16,9,3201222
1,49448059,0.1,1,3201223
5,49546024,0.03,1,3208220
1,49546035,0.45,1,3208221
2,49546040,2,1,3208222
1,49550803,0.2,1,3208235
2,49550806,2.3,1,3208236
12,49550821,0.5,1,3208237
12,49550826,0.2,1,3208238
5,49550828,0.24,3,3208239
1,49546074,0.5,1,3208295
12,49546075,0.2,1,3208296
5,49546089,1,11,3208297
17,49546093,38.6,1,3208298
1,49546101,0.2,1,3208299
5,49546106,0.091,3,3208300
12,49548517,0.2,1,3208309
1,49549681,1.2,1,3208317
4,49549690,0.2,1,3208318
5,49550879,0.4,3,3208319
1,49550883,0.4,1,3208320
1,49536543,8.1,1,3208340
1,49536547,4.3,1,3208341
2,49536548,0.7,1,3208342
1,48536351,2.2,1,3138755
1,48536386,40.2,1,3138756
1,48536415,219.5,1,3138757
5,48536465,0.05,3,3138774
1,48536493,0.3,1,3138775
12,48536494,0.9,1,3138790
1,48536516,16.8,1,3138791
5,48536520,6.9,1,3138792
12,48536530,0.01,1,3138793
4,48535368,0.01,1,3138808
1,48535382,1.2,1,3138809
1,48535383,1.1,1,3138810
12,48535384,0.5,1,3138811
5,48535410,1.21,3,3138812
12,48535422,147,1,3138813
12,48535530,0.08,1,3138848
5,48535555,0.105,3,3138849
1,48539414,0.3,1,3138945
1,48539424,5,1,3138946
5,48539426,0.07,3,3138961
1,48539510,16.1,1,3138982
2,48539540,0.5,1,3138983
5,48539550,36.2,1,3138984
5,48598020,1.5,1,3143318
2,48599296,0.5,1,3143321
2,48599306,0.1,1,3143322
5,48599327,3.6,1,3143323
1,48599329,1,1,3143324
1,48599349,0.1,1,3143325
1,48604106,1.5,1,3143344
1,48604108,0.5,1,3143345
1,48604112,1,1,3143346
5,48604141,0.5,3,3143347
1,48605353,1.5,1,3143349
2,48605355,1,1,3143350
5,48599404,0.15,3,3143399
1,48599408,2.5,1,3143400
1,48599410,1.8,1,3143401
1,48604181,1.6,1,3143415
12,48604199,8.8,1,3143416
1,48604206,0.8,1,3143417
12,48604225,1.45,1,3143418
8,48604229,1.4,1,3143419
5,48605395,2.9,1,3143423
1,48605433,7,1,3143424
1,48618973,0.2,1,3143502
8,48618974,7,1,3143503
2,48618975,0.2,1,3143504
5,48618978,1,11,3143505
1,48618988,0.7,1,3143506
1,48618997,0.2,1,3143507
2,48620248,0.005,3,3143510
2,49098518,1,1,3165568
8,49099590,2,9,3165571
2,49099597,1,1,3165572
1,49099606,1,1,3165573
2,49099613,18,1,3165574
5,49103144,0.45,3,3165605
1,49104332,1,3,3165610
5,49096196,0.147,3,3165651
5,49099678,1,3,3165662
1,49103149,0.1,1,3165669
5,49103155,0.14,3,3165670
5,49103159,2,1,3165671
5,49103173,0.18,3,3165672
1,49103176,0.01,1,3165673
5,49103178,1,1,3165674
8,49103188,97.46,1,3165675
5,49103199,2.2,1,3165676
12,49103201,0.4,1,3165677
5,49104337,1,3,3165678
5,49104340,1,3,3165679
5,49105588,1,3,3165694
1,49105590,1,1,3165695
5,49105591,1,3,3165696
5,49109209,16.725,3,3165706
16,49098660,3.3,1,3165747
5,49098664,26,1,3165748
16,49098675,17.1,1,3165749
5,49098682,0.3,3,3165750
1,49103221,0.1,1,3165755
5,49103222,1.11,3,3165756
5,49103229,0.21,3,3165757
1,49103237,0.2,1,3165758
15,49103239,3.5,1,3165759
10,49103240,7,1,3165760
1,49103242,0.5,1,3165761
5,49103247,0.097,3,3165762
5,49103269,1,3,3165763
16,49106850,1,9,3165775
17,49106884,2,1,3165776
12,49109216,0.4,1,3165786
5,49109218,0.64,3,3165787
5,49097554,0.39,1,3165807
15,49097555,3,1,3165808
5,49097560,8.71,3,3165809
5,49097562,0.59,3,3165810
1,49097573,0.2,1,3165811
5,49097574,10.5,1,3165812
5,49097592,0.97,3,3165813
17,49098702,3,9,3165814
5,49098717,2,3,3165815
17,49098723,1,3,3165816
5,49098724,1,3,3165817
1,49098730,1,1,3165818
5,49098732,1,3,3165819
5,49098736,1,3,3165820
5,49098768,50,3,3165821
8,49098769,11,1,3165822
10,49046696,0.5,1,3174485
2,49046698,0.7,1,3174486
2,49046705,1.3,1,3174487
1,49046708,1.5,1,3174488
2,49046711,1,1,3174489
8,49046740,37.8,1,3174490
1,49046745,0.1,1,3174491
2,49046749,0.6,1,3174492
5,49040730,2.9,1,3174556
5,49040744,0.4,3,3174557
1,49048033,3.4,1,3174584
5,49048042,18.9,1,3174585
5,49040746,43.1,1,3174637
1,49040756,0.9,1,3174638
10,49040758,3.7,1,3174639
2,49040770,2.8,1,3174640
13,49040799,30,1,3174641
1,49040816,0.3,1,3174642
11,49044418,2.9,1,3174664
1,49044423,0.1,1,3174665
5,49046899,23.3,1,3174681
10,49046907,73,1,3174682
5,49046913,0.066,1,3174683
5,49046919,0.41,3,3174684
5,49048050,0.15,3,3174685
1,49048059,0.01,1,3174686
1,49048060,0.5,1,3174687
5,49048070,4.4,1,3174688
5,49048071,2.1,3,3174689
1,49048081,5.8,1,3174690
16,49048086,1,1,3174691
1,49048088,0.7,1,3174692
8,49123447,7.8,1,3179135
5,49123451,18.8,3,3179136
8,49125828,0.2,1,3179143
5,49125830,2.225,3,3179144
1,49128255,0.7,1,3179151
5,49119843,0.025,3,3179181
1,49119844,0.3,1,3179182
2,49111462,2,1,3179208
5,49111466,1,3,3179209
17,49111467,1,7,3179210
2,49111470,1,1,3179211
5,49111477,1,3,3179212
5,49113859,0.12,3,3179216
5,49117478,0.215,3,3179239
12,49123542,0.8,1,3179267
5,49124812,0.09,3,3179272
5,49124820,0.125,3,3179273
16,49124823,61,9,3179274
16,49124827,0.7,1,3179275
16,49128422,0.4,1,3179295
12,49111533,1,1,3179300
12,49115182,1.5,1,3179319
5,49115183,0.45,3,3179320
5,49124868,1.375,3,3179363
5,49124882,0.12,3,3179364
5,49124883,0.826,3,3179365
5,49124885,0.045,3,3179366
17,49124886,4.9,1,3179367
5,49124887,0.185,3,3179368
12,49124898,1.5,1,3179369
12,49127291,0.7,1,3179383
5,49127295,17.69,3,3179384
17,49246127,0,,3183552
5,49246128,0.535,3,3183553
5,49294840,0.345,3,3187985
5,49294842,0.185,3,3187986
5,49297369,1,3,3188003
12,49297373,0.5,1,3188004
5,49298545,0.34,3,3188007
5,49298571,0.06,3,3188008
5,49302139,0.08,3,3188021
5,49302153,0.115,3,3188022
8,49293753,18,9,3188077
2,49293765,0.4,1,3188078
6,49297411,32.8,1,3188090
5,49297412,0.305,3,3188091
5,49297418,0.045,3,3188092
5,49297431,0,3,3188093
1,49298622,0.1,1,3188095
5,49298649,0.12,3,3188096
15,49302205,59,9,3188116
1,49302209,0.001,1,3188117
8,49302214,3.5,1,3188118
5,49302222,0.08,3,3188119
5,49302263,0.115,3,3188120
8,49302269,2,1,3188121
5,49302972,0.05,3,3188124
5,49302977,0.155,3,3188125
12,49293811,0.6,1,3188181
12,49293813,16,1,3188182
1,49293823,1.9,1,3188183
1,49293831,1.7,1,3188184
8,49293835,0.2,3,3188185
16,49293860,0.4,1,3188186
5,49293861,0.02,3,3188187
5,49293863,14.56,3,3188188
1,49298676,0.05,1,3188210
16,49298677,34.7,1,3188211
1,49302295,0.9,1,3188224
5,49303018,0.295,3,3188231
1,49303061,5,1,3188232
5,49303084,0.01,3,3188233
2,49480260,0.1,1,3196834
1,49480288,3,1,3196835
5,49480312,0.75,3,3196836
5,49480319,0.353,3,3196837
5,49451647,14,1,3201236
5,49451652,2.7,1,3201237
2,49451653,0.1,1,3201238
2,49456037,1.5,1,3201258
1,49456040,0.5,1,3201259
1,49456043,0.01,1,3201260
2,49456044,24,1,3201261
5,49456050,0.7,3,3201262
1,49456070,1.2,1,3201263
5,49456072,7,1,3201264
2,49456080,0.01,1,3201265
1,49456085,0.1,1,3201266
8,49456094,14,9,3201267
1,49456103,4.3,1,3201268
1,49456107,0.01,1,3201269
15,49456108,11,1,3201270
8,49456110,24,9,3201271
16,49417163,1,11,3201339
2,49417190,1,1,3201340
5,49417191,10,3,3201341
5,49417192,1,3,3201342
5,49417193,1,3,3201343
5,49417194,1,3,3201344
5,49417195,1,3,3201345
5,49417196,5,4,3201346
5,49417197,5,4,3201347
5,49417198,1,3,3201348
5,49417199,1,3,3201349
5,49417200,1,3,3201350
2,49417201,1,1,3201351
5,49417202,1,3,3201352
2,49417203,1,1,3201353
5,49417204,1,3,3201354
5,49417205,2,3,3201355
5,49417206,1,3,3201356
5,49417208,1,3,3201357
2,49417209,2,1,3201358
12,49417213,24.44,1,3201359
16,49407554,1,1,3201398
5,49407555,1,3,3201399
5,49407556,1,3,3201400
5,49407557,1,3,3201401
8,49407558,1,3,3201402
5,49407559,1,3,3201403
16,49407560,1,1,3201404
5,49417237,1,3,3201433
5,49417243,0.06,3,3201434
5,48534082,2.3,1,3139121
1,48534103,0.2,1,3139137
5,48534105,13.3,3,3139138
1,48534144,9.7,1,3139139
12,48534151,86,1,3139140
1,48534200,32.6,1,3139164
12,48534208,2.8,1,3139165
1,48530658,0.7,1,3139168
5,48530666,0.62,3,3139169
4,48530667,2,1,3139170
5,48530699,0.035,3,3139171
5,48532037,5.65,3,3139191
2,48532042,1,1,3139192
5,48533241,52.9,1,3139195
5,48532068,10,1,3139211
16,48532069,3,9,3139212
1,48532090,0.2,1,3139213
5,48532107,7.8,1,3139214
1,48533280,1.8,1,3139215
5,48533311,7,1,3139216
2,48533312,3.1,1,3139217
5,48532155,0.26,3,3139229
1,48533356,0.05,1,3139232
16,48530971,19.8,1,3139239
1,48530976,8.9,1,3139240
5,48532325,0.18,3,3139258
1,48532346,0.4,1,3139259
5,48531130,44.5,1,3139271
5,48531133,5.4,1,3139272
12,48531134,2.5,1,3139273
1,48531140,0.7,1,3139274
5,48531142,0.085,3,3139275
4,48532369,0.6,1,3139276
2,48532414,3.5,1,3139277
5,48532428,0.007,3,3139278
1,48531174,1.5,1,3139289
16,48531201,3.5,1,3139290
1,48623883,0.8,1,3143516
1,48606682,0.2,1,3143531
12,48607917,63,1,3143535
5,48607943,9.8,1,3143536
16,48607968,2,9,3143537
12,48611590,3.2,1,3143551
12,48614028,4.5,1,3143556
4,48614029,0.2,1,3143557
2,48614059,0.5,1,3143558
1,48615276,10.7,1,3143566
12,48616496,0.4,1,3143567
5,48616535,16.16,3,3143568
1,48619015,0.9,1,3143574
5,48619039,2,1,3143575
1,48620266,3.5,1,3143578
5,48620302,0.158,3,3143579
5,48620309,0.54,3,3143580
5,48614083,0.1,3,3143624
1,48614099,4.8,1,3143625
5,48614144,34.84,3,3143626
5,48615310,1.06,3,3143627
12,48615329,1.2,1,3143628
5,48615349,0.21,3,3143629
4,48615354,1,1,3143630
2,48615379,0.3,1,3143631
12,48617880,2,1,3143635
1,48620347,0.9,1,3143644
4,48620356,37.8,1,3143645
5,48620370,0.43,3,3143646
1,48620375,2,1,3143647
8,48622818,11.5,1,3143655
5,48622828,0.375,3,3143656
2,48622833,1.2,1,3143657
2,48622842,24,1,3143658
5,48622860,0.025,3,3143659
1,48624063,17.1,1,3143660
5,48624069,0.7,1,3143661
4,48624071,0.005,3,3143662
5,48625930,1,3,3143668
1,48608117,6.5,1,3143679
5,48612948,0.28,3,3143690
5,48612962,0.08,3,3143691
12,48614182,112,1,3143692
5,48614222,0.075,3,3143693
12,48617995,0.25,1,3143706
1,48621664,0.9,1,3143718
5,48621665,0.04,3,3143719
5,48621674,0.11,3,3143720
1,48621676,0.03,1,3143721
5,48621694,0.1,3,3143722
12,48621712,10.01,1,3143723
1,48622880,0.2,1,3143724
17,48622883,0,,3143725
11,48622898,159.4,1,3143726
5,48626139,5.6,1,3143733
2,48626151,0.05,1,3143734
5,48626157,0.05,3,3143735
5,48626158,0.21,3,3143736
2,48608143,0.05,1,3143743
1,48608144,1,11,3143744
2,48613045,0.51,1,3143765
1,48618050,0.2,1,3143787
1,48620541,2.1,1,3143788
5,48620548,0.49,3,3143789
17,49110302,1,9,3165865
5,49110320,1,3,3165866
1,49097597,0.001,1,3165879
1,49097602,0.2,1,3165880
5,49097608,11.4,3,3165881
5,49097615,0.1,3,3165882
1,49097616,0.2,1,3165883
1,49097620,1.1,1,3165884
1,49097626,0.4,1,3165885
1,49097628,3,1,3165886
10,49097643,3.7,1,3165887
1,49097644,0.2,1,3165888
16,49097656,8,1,3165889
5,49098782,0.268,3,3165890
5,49098794,0.3,3,3165891
10,49098795,11.8,1,3165892
1,49098798,0.6,1,3165893
16,49098801,8.7,1,3165894
8,49098823,380,1,3165895
1,49098824,0.5,1,3165896
4,49098827,3.2,1,3165897
5,49098833,0.17,3,3165898
5,49108212,1,3,3165930
5,49108214,1,3,3165931
1,49097679,0.01,1,3165972
5,49098853,400,1,3165975
5,49098856,168.312,1,3165976
5,49098857,0.14,3,3165977
5,49098875,0.04,3,3165978
1,49102324,0.1,1,3165991
5,49102332,0.245,3,3165992
5,49102336,0.21,3,3165993
5,49104635,1,3,3166002
5,49104646,1,3,3166003
12,49104649,1,1,3166004
17,49104652,1,1,3166005
17,49104657,1,1,3166006
17,49104661,1,1,3166007
17,49104672,1,9,3166008
1,49104673,1,1,3166009
17,49104687,1,9,3166010
1,49104706,1,1,3166011
5,49108251,1,3,3166014
5,49108252,1,3,3166015
12,49108258,2,3,3166016
17,49108273,1,9,3166017
5,49108282,1,3,3166018
1,49103558,0.2,1,3166077
17,49103582,1,3,3166078
5,49104712,1,3,3166079
5,49104725,1,3,3166080
5,49104742,1,3,3166081
5,49104745,1,3,3166082
1,49105906,1,1,3166086
16,49105911,9,1,3166087
5,49105916,1,3,3166088
17,49105927,1,3,3166089
5,49105930,1,3,3166090
2,49105956,1,1,3166091
5,49105972,1,3,3166092
5,49108317,0.345,3,3166098
5,49071959,13.271,3,3170512
5,49053988,0.8,1,3170516
1,49053996,12.6,1,3170517
5,49053999,4.6,1,3170518
1,49054002,0.6,1,3170519
1,49054006,0.3,1,3170520
2,49054009,0.3,1,3170521
10,49054014,216,1,3170522
1,49055175,2.4,1,3170523
5,49055200,10.3,1,3170524
5,49055203,1.129,3,3170525
2,49055204,90.6,1,3170526
5,49055207,198.5,1,3170527
1,49055217,0.3,1,3170528
2,49048116,1.1,1,3174693
10,49040834,3.2,1,3174738
5,49044443,2.9,1,3174760
5,49044448,9.4,1,3174761
5,49044453,0.83,3,3174762
5,49044464,2.8,1,3174763
5,49044465,13,1,3174764
1,49044474,2.7,1,3174765
2,49044483,8.3,1,3174766
1,49044489,92.3,1,3174767
1,49044497,0.1,1,3174768
16,49045772,1,1,3174776
1,49046925,0.5,1,3174777
5,49046932,24.2,1,3174778
10,49046945,2.3,1,3174779
1,49046946,0.6,1,3174780
5,49046948,29.7,1,3174781
5,49046954,3.7,1,3174782
5,49046963,0.175,3,3174783
5,49046964,0.51,3,3174784
1,49046979,1.7,1,3174785
2,49046983,6,1,3174786
5,49049341,1.68,3,3174800
5,49044507,1.6,1,3174864
5,49044510,0.1,1,3174865
1,49044514,1.3,1,3174866
2,49046993,0.4,1,3174872
5,49046995,2,1,3174873
5,49047000,3.7,1,3174874
1,49047016,2.8,1,3174875
8,49053868,6,1,3174911
5,49123721,2.21,3,3179433
12,49123738,3,1,3179434
1,49124910,6.7,1,3179435
5,49124918,0.545,3,3179436
2,49124938,0.2,1,3179437
5,49124940,2.335,3,3179438
5,49112887,1,3,3179455
5,49112911,1,3,3179456
5,49123776,0.645,3,3179507
1,49123796,0.4,1,3179508
5,49123818,0.885,3,3179509
16,49127448,1.7,1,3179533
2,49127470,0.7,1,3179534
5,49127471,0.47,3,3179535
5,49127474,0.155,3,3179536
5,49114236,1,3,3179554
16,49121383,0.3,1,3179580
1,49127491,0.7,1,3179607
1,49127505,10.6,1,3179608
5,49127529,0.04,3,3179609
5,49127545,0.44,3,3179610
5,49127552,0.29,3,3179611
1,49122782,1,1,3179664
1,49123956,0.1,1,3179667
5,49123989,0.085,3,3179668
8,49293887,30.8,1,3188289
5,49293888,0.035,3,3188290
17,49295131,0,,3188302
5,49295132,0.18,3,3188303
5,49303115,3.15,3,3188346
5,49303149,0.02,3,3188347
5,49289252,0.055,3,3188367
16,49289257,1.5,1,3188368
8,49289261,6.7,1,3188369
15,49289269,1,9,3188370
5,49289303,0.06,3,3188371
2,49295148,2.1,1,3188402
5,49295154,0.07,3,3188403
16,49295166,1.2,1,3188404
8,49295175,1,9,3188405
5,49297645,0.135,3,3188418
2,49297665,0.05,1,3188419
12,49298852,0.3,1,3188421
5,49303235,0.22,3,3188446
12,49418168,3,1,3201597
5,49418169,1.75,3,3201598
16,49406572,14,9,3201640
16,49416333,1,11,3201677
12,49416340,7.2,1,3201678
16,49416341,1,11,3201758
16,49416342,1,11,3201759
16,49416343,1,11,3201760
16,49416344,1,11,3201761
5,49416345,0.98,3,3201762
12,49416350,51.3,1,3201763
2,49416351,1,1,3201764
16,49416352,1,11,3201765
16,49416353,1,11,3201766
1,49416354,0.8,1,3201767
12,49416357,3.2,1,3201768
4,48545770,0.2,1,3139358
5,48545791,0.3,3,3139369
5,48545792,0.511,3,3139370
5,48546678,0.052,3,3139571
5,48546680,0.19,3,3139572
12,48546692,0.003,1,3139573
1,48546705,11.5,1,3139583
16,48546714,0.02,1,3139584
5,48546737,0.087,3,3139585
1,48546760,0.1,1,3139586
5,48546775,0.105,3,3139587
5,48620567,0.56,3,3143790
5,48621748,2.265,3,3143791
4,48621749,0.001,1,3143792
9,48613082,4350,9,3143831
2,48613137,0.2,1,3143832
5,48613138,2.5,1,3143833
1,48615549,0.01,1,3143840
2,48620585,1,1,3143857
5,48620597,0.071,3,3143858
5,48626298,0.09,3,3143878
1,48626325,0.2,1,3143879
2,48613174,0.5,1,3143897
2,48613180,5.5,1,3143898
5,48613189,0.67,3,3143899
1,48613214,5.95,1,3143900
1,48613226,5.5,1,3143901
1,48615632,3.4,1,3143905
5,48615634,0.084,3,3143906
5,48607162,0.2,3,3143948
1,48607181,0.6,1,3143949
5,48607187,0.05,1,3143950
5,48608388,9.1,1,3143951
5,48608391,0.13,1,3143952
1,48608394,3.5,1,3143953
1,48608395,2.7,1,3143954
5,48608411,3,1,3143955
1,48608416,0.8,1,3143956
8,48613232,1,9,3143964
12,48613234,0.106,3,3143965
1,48615703,0.8,1,3143966
5,48615733,0.088,3,3143967
1,48615734,0.2,1,3143968
5,48615753,0.05,1,3143969
5,48615766,0.12,3,3143970
2,48619537,0.1,1,3143988
13,48620746,2.3,1,3143993
2,48620751,0.2,1,3143994
5,48620760,0.4,3,3143995
5,48620773,0.04,3,3143996
5,48624473,1,1,3144010
1,48626098,0.2,1,3144016
1,48626099,0.2,1,3144017
5,48608433,0.25,3,3144018
12,48619615,0.4,1,3144063
1,48619629,0.2,1,3144064
5,49096703,0.476,3,3166125
5,49097865,5,1,3166129
10,49097871,6.9,1,3166130
1,49097874,0.5,1,3166131
1,49103598,1,1,3166151
2,49103599,1,1,3166152
17,49103600,1,1,3166153
17,49103621,1,1,3166154
5,49103646,1,3,3166155
17,49103647,1,9,3166156
5,49105979,1,1,3166161
17,49105980,1,1,3166162
1,49096711,0.01,1,3166207
15,49096745,4,1,3166208
5,49096748,1.428,3,3166209
5,49097884,0.1,3,3166212
16,49097926,5,1,3166213
8,49097942,600,1,3166214
5,49097972,1,3,3166282
5,49097977,1,3,3166283
5,49099176,0.15,3,3166287
5,49099200,45.5,1,3166288
16,49099203,2.9,1,3166289
1,49099215,0.2,1,3166290
5,49103789,1,3,3166306
1,49103806,2,1,3166307
5,49103807,1,3,3166308
2,49106141,1,1,3166314
5,49107369,1,3,3166318
5,49099236,0.8,1,3166360
8,49099244,223,1,3166361
5,49099249,3,1,3166362
4,49102654,0.1,1,3166370
1,49102656,0.6,1,3166371
1,49102657,0.3,1,3166372
2,49102659,0.7,1,3166373
1,49102663,0.3,1,3166374
5,49102667,57,1,3166375
5,49102672,8.2,3,3166376
8,49102683,5.8,1,3166377
8,49102697,1,1,3166378
4,49102701,0.3,3,3166379
5,49103817,0.1,3,3166380
2,49103818,1.5,1,3166381
1,49103860,0.3,1,3166382
1,49103867,1.3,1,3166383
5,49103875,0.5,3,3166384
5,49103878,12,1,3166385
5,49065984,0.3,3,3170568
1,49065992,0.07,1,3170569
16,49066005,24.9,1,3170570
8,49066009,17.9,1,3170571
16,49066014,14.02,1,3170572
5,49067194,2.5,1,3170573
10,49067196,0.1,1,3170574
2,49067237,1.1,1,3170575
8,49068440,1.5,1,3170582
5,49072004,0.425,3,3170593
5,49072038,1,1,3170594
2,49054022,0.4,1,3170595
5,49054023,1.1,1,3170596
1,49054030,0.1,1,3170597
1,49054031,4,1,3170598
1,49055226,0.1,1,3170604
16,49055228,1.5,1,3170605
16,49055229,0.6,1,3170606
5,49055230,1,3,3170607
1,49055284,1.9,1,3170608
1,49055285,0.1,1,3170609
5,49055286,0.89,3,3170610
5,49055293,3.6,1,3170611
5,49055294,0.4,3,3170612
1,49064806,0.01,1,3170640
16,49064860,80,9,3170641
5,49064874,0.3,3,3170642
5,49066029,5.7,1,3170643
5,49066044,4,1,3170644
1,49067285,3.3,1,3170645
1,49067294,0.1,1,3170646
1,49068497,0.1,1,3170647
5,49068506,7.9,1,3170648
1,49068507,0.01,1,3170649
5,49068509,23.6,1,3170650
16,49068510,5,1,3170651
5,49055295,0.4,1,3170666
5,49055316,10.3,1,3170667
1,49055325,1,1,3170668
1,49055331,3.4,1,3170669
5,49055340,3.2,1,3170670
2,49056527,381.9,1,3170672
8,49056531,124.902,1,3170673
5,49056556,5.4,1,3170674
5,49056583,1.5,1,3170675
5,49057790,21.3,1,3170681
5,49057796,18,3,3170682
5,49057806,44.4,1,3170683
10,49064881,169.3,1,3170708
1,49064919,0.1,1,3170709
16,49064934,22,9,3170710
8,49064935,3.7,1,3170711
1,49072928,1.5,1,3170727
10,49072934,13.2,1,3170728
1,49072946,1.1,1,3170729
1,49072956,0.1,1,3170730
1,49056590,0.7,1,3170736
5,49056596,1,1,3170737
5,49056615,0.54,1,3170738
1,49056617,9.1,1,3170739
1,49056637,12.6,1,3170740
5,49056643,0.15,3,3170741
1,49056650,0.01,1,3170742
8,49057826,1,1,3170743
5,49057849,81.4,1,3170744
5,49057857,0.1,3,3170745
5,49057879,0.23,3,3170746
1,49057880,0.3,1,3170747
1,49054287,24.3,1,3170809
5,49054300,8.2,3,3170810
15,49054306,3,9,3170811
5,49054310,0.31,3,3170812
8,49043527,4.07,1,3175053
16,49043531,0.085,1,3175136
1,49043574,2.5,1,3175137
5,49043590,20.1,1,3175138
1,49043591,1.1,1,3175139
2,49046033,0.8,1,3175151
5,49046036,0.36,3,3175152
1,49046042,0.4,1,3175153
1,49046054,1.4,1,3175154
8,49046063,272,1,3175155
1,49046064,0.7,1,3175156
1,49046067,0.04,1,3175157
5,49114324,0.565,3,3179698
5,49114333,0.07,3,3179699
5,49114343,0.485,3,3179700
15,49114354,0.6,1,3179701
8,49122811,1.1,1,3179725
1,49124038,5.4,1,3179726
5,49124042,0.179,3,3179727
1,49124057,0.1,1,3179728
5,49124072,0.075,3,3179729
1,49120402,1,3,3179801
1,49120408,1,1,3179802
2,49120411,1,1,3179803
5,49120434,1,3,3179804
5,49120435,1,3,3179805
5,49120447,2,3,3179806
1,49121640,29,1,3179807
2,49121652,0.7,1,3179808
5,49126533,0.7,3,3179824
1,49126557,0.1,1,3179825
17,49126560,1,9,3179826
16,49126564,17.3,1,3179827
5,49113322,1,3,3179849
5,49120467,1,3,3179890
5,49120485,1,3,3179891
5,49120487,1,3,3179892
17,49121665,0,,3179894
16,49121666,0.3,1,3179895
1,49121680,0.1,1,3179896
2,49126595,0.3,1,3179926
5,49126596,0.445,3,3179927
5,49129003,0.285,3,3179931
1,49129007,3.89,1,3179932
17,49129009,3.5,3,3179933
5,49129014,0.03,3,3179934
5,49129043,0.03,3,3179935
13,49129047,29.1,1,3179936
5,49129049,0.195,3,3179937
8,49113364,1,9,3179954
8,49113368,2,9,3179955
5,49113375,1,3,3179956
1,49335118,0.01,1,3184299
5,49335125,1,3,3184300
5,49336297,4.8,3,3184325
5,49337531,2.2,1,3184329
5,49337532,0.33,3,3184330
5,49337533,0.08,3,3184331
12,49337534,0.62,1,3184332
5,49337535,0.185,3,3184333
5,49337538,2.51,3,3184334
5,49337549,0.44,3,3184335
16,49323799,4,9,3184371
2,49323801,0.1,1,3184372
15,49323802,11,9,3184373
5,49323804,176,1,3184374
12,49323805,0.01,1,3184375
5,49323806,4.3,1,3184376
5,49297672,0.265,3,3188526
13,49297677,1.3,1,3188527
5,49297697,2.67,3,3188528
8,49297717,78,9,3188529
5,49300094,0.15,3,3188543
5,49300158,0.03,3,3188544
5,49301338,0.22,3,3188548
5,49302571,0.32,3,3188555
8,49288255,0.03,1,3188590
1,49288260,1.4,1,3188591
8,49292947,3.7,1,3188610
5,49294161,0.06,3,3188618
5,49297758,0.54,3,3188645
5,49297760,0.47,3,3188646
12,49298975,0.4,1,3188651
5,49298977,0.05,3,3188652
16,49298981,3,9,3188653
1,49300219,0.1,1,3188666
5,49300230,0.14,3,3188667
5,49301385,0.12,3,3188668
5,49301387,0.63,3,3188669
5,49301425,0.13,3,3188670
15,49301429,1.1,8,3188671
5,49303378,0.125,3,3188696
5,49288282,0.115,3,3188711
5,49288284,0.905,3,3188712
12,49288302,5.1,1,3188713
8,49288304,203.1,1,3188714
5,49288322,0.45,3,3188715
5,49288339,0.135,3,3188716
5,49292986,0.095,3,3188743
5,49293007,0.045,3,3188744
5,49294176,0.03,3,3188749
8,49294177,24.5,1,3188750
1,49294205,0.4,1,3188751
8,49294206,2.1,1,3188752
2,49294220,0.6,1,3188753
5,49297871,1.16,3,3188769
16,49297873,0.6,1,3188770
5,49297891,0.055,3,3188771
5,49297892,0.05,3,3188772
5,49299107,0.51,3,3188777
1,49299108,0.4,1,3188778
16,49300287,0.9,1,3188779
8,49300296,3.6,1,3188780
5,49300297,1.5,3,3188781
16,49417299,10,1,3202026
5,49550241,2.5,1,3207650
5,49550245,0.1,3,3207651
5,49551802,0.28,3,3207652
1,49551819,0.9,1,3207653
2,49551832,0.6,1,3207654
1,49545470,0.03,1,3207704
5,49545478,0.098,3,3207705
5,49545490,0.24,3,3207706
5,49545491,1,11,3207707
12,49545496,450,1,3207708
5,49545505,106.902,1,3207709
5,49546661,1.4,1,3207711
1,49546665,0.5,1,3207712
5,49547902,1,4,3207718
5,49547904,0.14,3,3207719
2,49550275,0.4,1,3207725
1,49550278,0.2,1,3207726
4,49550290,0.1,1,3207727
1,49550307,0.5,1,3207728
5,49545530,0.59,3,3207801
5,49547934,4904.54,1,3207803
5,49547967,2294.94,4,3207804
5,49547985,0.32,3,3207805
1,49549157,0.43,1,3207806
4,49549160,3.5,1,3207807
5,49549170,2.5,1,3207808
16,49549188,15,9,3207809
5,49549192,1,11,3207810
2,49550369,0.3,1,3207811
5,49548013,0.148,3,3207872
2,49549209,2.3,1,3207874
1,49549212,0.5,1,3207875
12,49549221,15.5,1,3207876
5,49549254,2.62,3,3207877
5,49549260,0.28,3,3207878
5,48541485,7.43,3,3139854
1,48541488,0.8,1,3139855
1,48541490,0.2,1,3139856
5,48541494,0.035,3,3139857
1,48541511,3.5,1,3139858
5,48541537,0.5,3,3139881
16,48541538,0.04,1,3139882
5,48541544,0.043,3,3139883
4,48541570,0.7,1,3139884
5,48541576,0.008,3,3139885
5,48622099,0.18,3,3144074
5,48608556,0.1,3,3144104
5,48613422,47.9,1,3144119
5,48614625,0.075,3,3144120
1,48614656,0.3,1,3144121
2,48618395,16.8,1,3144137
12,48618398,1.5,1,3144138
1,48619669,0.6,1,3144141
5,48622118,0.07,3,3144148
2,48622127,1,1,3144149
5,48625369,0.18,3,3144157
5,48625371,7.21,3,3144158
5,48607417,0.17,3,3144163
17,48607424,0,,3144164
5,48608591,0.13,3,3144165
5,48613463,0.074,3,3144180
12,48614692,24.3,1,3144183
1,48614702,1.9,1,3144184
2,48614706,0.5,1,3144185
2,48614728,0.3,1,3144186
12,48622206,0.4,1,3144205
1,48625443,0.8,1,3144223
5,48625475,0.12,3,3144224
2,48625481,0.1,1,3144225
5,48607448,4.58,3,3144226
12,48607475,0.8,1,3144227
1,48614775,0.2,1,3144252
5,48614804,10.18,3,3144253
16,48607529,1,9,3144299
5,48607568,0.025,3,3144300
5,48612441,68,1,3144327
5,48618662,0.09,3,3144346
1,49109841,1,1,3166402
1,49109843,1,1,3166403
17,49109845,1,1,3166404
5,49109846,1,3,3166405
5,49109858,1,3,3166406
12,49109864,1,1,3166407
9,49109866,1,3,3166408
1,49109874,1,1,3166409
5,49110326,1,3,3166410
17,49110328,1,9,3166411
5,49110332,1,3,3166412
5,49110351,1,3,3166413
1,49102717,0.02,1,3166457
5,49102719,16.019,4,3166458
1,49102725,0.8,1,3166459
5,49102738,0.2,3,3166460
16,49103891,74,1,3166465
8,49103898,426,1,3166466
17,49109944,1,1,3166486
17,49110538,1,1,3166492
15,49097029,1,1,3166521
5,49097041,3,1,3166522
1,49097042,0.001,1,3166523
1,49097070,0.7,1,3166524
1,49098242,1.4,1,3166530
8,49098246,87.2,1,3166531
5,49098252,1.53,3,3166532
1,49057899,0.1,1,3170823
5,49066301,0.33,3,3170851
5,49066302,0.135,3,3170852
1,49066307,0.001,1,3170853
5,49069924,0.65,3,3170868
5,49069926,3,1,3170869
5,49071087,7.1,1,3170873
2,49071092,41.3,1,3170874
5,49071103,0.04,3,3170875
5,49071127,0.28,3,3170876
5,49071133,0.6,1,3170877
8,49073067,5.4,1,3170883
16,49054352,13.5,1,3170885
16,49054380,115.4,1,3170886
5,49054386,25.5,1,3170887
5,49054394,0.26,3,3170888
5,49054396,4.8,1,3170889
5,49063902,5.7,1,3170915
5,49063903,0.5,1,3170916
5,49063949,1,1,3170917
5,49071219,14.2,1,3170939
10,49054406,19.6,1,3170947
5,49054408,1.07,3,3170948
5,49054410,0.05,3,3170949
16,49054411,55,1,3170950
5,49054412,3,1,3170951
1,49054415,0.1,1,3170952
5,49054437,4.4,1,3170953
5,49054450,5.5,3,3170954
5,49054451,1.8,1,3170955
5,49054454,0.1,3,3170956
5,49055611,4,1,3170957
5,49055619,0.26,3,3170958
1,49055646,0.1,1,3170959
5,49055653,0.1,3,3170960
5,49055661,2.324,3,3170961
2,49055669,0.5,1,3170962
1,49055671,0.2,1,3170963
5,49065218,0.315,3,3171001
1,49071240,0.1,1,3171019
5,49071244,0.02,3,3171020
5,49071258,0.015,3,3171021
5,49071262,6.1,1,3171022
10,49055678,21.5,1,3171035
1,49055679,1.3,1,3171036
1,49055694,0.4,1,3171037
16,49055721,90,9,3171038
5,49055722,14,3,3171039
5,49055724,0.3,3,3171040
8,49056929,3.7,1,3171043
5,49068953,39.5,1,3171094
5,49068957,3,1,3171095
1,49068977,3.1,1,3171096
8,49048687,57.3,1,3175428
1,49048689,0.1,1,3175429
1,49048694,2.1,1,3175430
1,49048700,4.3,1,3175431
5,49048702,0.28,3,3175432
1,49048703,4.6,1,3175433
5,49048719,0.385,3,3175434
5,49048725,10.1,1,3175525
5,49123016,1,3,3180007
5,49123035,1,3,3180008
17,49123060,1,3,3180009
5,49129116,0.38,3,3180039
5,49129127,0.19,3,3180040
8,49129133,2,9,3180041
5,49129146,0.02,3,3180042
8,49129147,0.2,1,3180043
5,49120667,0.03,3,3180101
5,49129167,0.53,3,3180120
11,49129169,1,1,3180121
12,49129174,0.7,1,3180122
5,49118342,0.01,3,3180158
17,49119537,1,9,3180167
1,49120687,2.2,1,3180168
5,49120688,0.28,3,3180169
8,49120693,0.003,1,3180170
1,49120706,0.1,1,3180171
5,49120729,0.16,3,3180172
1,49120754,0.1,1,3180173
2,49247792,0.4,1,3180204
5,49247798,0.01,3,3180205
5,49254880,0.255,3,3180227
1,49254889,0.4,1,3180228
5,49323807,33,1,3184377
5,49323808,2,1,3184378
5,49323809,0.1,1,3184379
2,49323814,0.1,1,3184380
5,49323816,28.1,1,3184381
2,49323820,0.9,1,3184382
12,49323821,0.001,1,3184383
5,49323827,0.3,1,3184384
16,49324911,2.7,1,3184385
5,49324924,0.068,3,3184386
8,49324926,0.65,1,3184387
16,49324969,53.96,1,3184388
15,49324971,0.29,1,3184389
15,49324972,10.89,1,3184390
1,49324982,0.1,1,3184391
1,49329468,0.08,1,3184457
2,49329476,35,1,3184458
2,49329486,0.005,1,3184459
1,49329496,0.01,1,3184460
5,49329499,3.5,1,3184461
5,49329516,123,1,3184462
5,49330564,5.4,1,3184464
16,49330575,2,9,3184465
8,49330580,14,9,3184466
5,49330583,1.5,1,3184467
1,49330589,16.8,1,3184468
12,49332894,1.26,1,3184487
15,49322731,12.5,9,3184584
1,49322734,0.01,1,3184585
5,49322741,9.8,1,3184586
5,49322746,12.5,1,3184587
12,49322749,0.01,1,3184588
1,49322757,0.1,1,3184589
8,49322761,1,9,3184590
5,49322771,4,1,3184591
2,49322777,0.3,1,3184592
16,49322778,2,9,3184593
11,49323836,17.9,1,3184594
5,49323840,4.9,1,3184595
5,49323842,2.3,1,3184596
2,49323849,0.01,1,3184597
12,49323853,6.4,1,3184598
5,49323855,3.2,1,3184599
2,49323857,0.4,1,3184600
5,49323861,0.6,1,3184601
1,49323863,0.1,1,3184602
5,49323864,9,3,3184603
15,49323869,65,9,3184604
5,49323870,29.5,1,3184605
5,49323872,1.9,1,3184606
5,49323877,11.6,1,3184607
5,49323878,5.3,1,3184608
1,49323884,0.01,1,3184609
5,49323886,6.5,1,3184610
5,49323896,0.9,1,3184611
5,49323901,13.4,1,3184612
5,49324992,9,1,3184613
16,49324995,10,9,3184614
16,49325028,9,9,3184615
5,49327346,31,1,3184650
5,49288376,0.08,3,3188842
1,49288392,0.1,1,3188843
5,49294253,2,9,3188873
8,49294270,3.2,1,3188874
5,49294275,0.465,3,3188875
12,49294276,0.7,1,3188876
5,49299115,0.005,3,3188894
2,49299150,0.1,1,3188895
17,49299152,0,,3188896
1,49299153,3,1,3188897
5,49299171,0.12,3,3188898
5,49299174,0.265,3,3188899
5,49300357,4.565,3,3188905
1,49300387,0.1,1,3188906
12,49287315,0.3,1,3188945
5,49292014,0.17,3,3188973
2,49315847,0.83,1,3189013
12,49315853,0.08,1,3189014
5,49315875,0.2,3,3189015
5,49315876,0.012,3,3189016
5,49316990,1.33,4,3189055
5,49316992,34.5,1,3189056
5,49316998,0.804,3,3189057
2,49317021,995,1,3189058
5,49318116,2,1,3189059
5,49318117,2,1,3189060
1,49318118,0.01,1,3189061
5,49318119,3.3,1,3189062
5,49318127,0.8,1,3189063
5,49318129,1.8,1,3189064
5,49318135,0.071,3,3189065
1,49551228,7.1,1,3207892
4,49546952,0.1,1,3208018
1,49546991,4,1,3208019
5,49546992,0.03,3,3208020
5,49547008,1,9,3208021
2,49537438,3.5,1,3208051
1,49537454,0.2,1,3208052
5,49542168,0.1,3,3208065
5,49542173,0.056,3,3208066
15,49542199,4.8,1,3208067
16,49542204,0.01,1,3208068
17,49547059,0,,3208077
5,49547060,0.49,3,3208078
2,49551454,1.2,1,3208090
5,49537472,418.1,1,3208107
5,49537537,61.6,1,3208108
5,49542250,0.5,3,3208118
5,49542257,0.05,3,3208119
5,49542289,0.105,3,3208120
5,49542298,0.3,3,3208121
17,49548303,0.41,3,3208134
5,49548310,0.203,3,3208135
5,48540363,0.26,3,3139901
8,48540374,3,9,3139902
5,48541606,0.86,3,3139903
4,48541643,1,11,3139904
5,48541645,0.13,3,3139905
5,48541650,7.5,1,3139906
5,48541673,0.14,3,3139907
5,48542848,0.3,3,3139911
1,48541703,0.3,1,3139916
5,48542877,3.26,3,3139921
2,48542906,95,1,3139922
5,48540573,10,4,3139951
1,48540598,0.6,1,3139952
5,48540601,0.19,3,3139953
5,48540610,0.045,3,3139954
8,48541884,16,1,3139958
1,48540642,0.5,1,3139965
5,48540677,0.8,1,3139974
5,48540697,0.088,3,3139975
5,48541910,2,1,3139976
2,48541928,4,1,3139977
1,48541932,0.4,1,3139978
2,48540744,1.1,1,3139989
2,48540758,0.8,1,3139990
5,48540762,0.035,3,3139991
5,48621139,0.07,3,3144363
5,48607616,38,1,3144388
1,48607628,1.51,1,3144389
5,48608809,1,11,3144390
5,48608838,0.01,3,3144391
1,48608848,11.1,1,3144392
5,48608873,0.39,3,3144393
12,48608875,29.001,1,3144394
5,48612486,18.34,3,3144409
1,48612502,0.4,1,3144410
1,48612519,3.7,1,3144411
5,48617395,1.5,1,3144431
5,48617401,0.07,3,3144432
1,48621186,0.5,1,3144444
5,48621201,3.8,3,3144445
1,48624932,0.2,1,3144456
12,48624939,18.301,1,3144457
5,48624944,0.28,3,3144458
5,48607686,19,4,3144464
5,48608877,0.4,1,3144465
12,48608881,3.4,1,3144466
1,48612544,5.4,1,3144481
1,48616254,0.3,1,3144496
16,48616270,10,1,3144497
5,48616274,5.4,1,3144498
2,48616283,0.2,1,3144499
5,48616302,0.49,3,3144500
5,48617486,2,1,3144501
5,48617490,1.395,3,3144502
5,48617491,0.105,3,3144503
5,48617513,0.07,3,3144504
5,48618834,0.315,3,3144511
5,48618838,7,1,3144512
5,48618851,0.45,3,3144513
12,48618854,0.01,1,3144514
1,48618858,3.5,1,3144515
1,48621265,0.2,1,3144520
5,48623791,0.06,1,3144528
12,48623797,1.3,1,3144529
1,48624965,2.6,1,3144530
2,48624971,4.3,1,3144531
2,48624972,0.1,1,3144532
5,48624973,0.123,3,3144533
12,48624979,2,1,3144534
5,48625012,1.62,3,3144535
17,48625015,1,11,3144536
1,48613851,0.2,1,3144576
5,48613900,0.18,3,3144577
1,48613911,1.6,1,3144578
5,48616314,3,1,3144583
5,48616329,0.493,3,3144584
5,48616331,0.1,3,3144585
5,48618902,2.6,1,3144592
5,48618929,0.085,3,3144593
12,48623808,0.2,1,3144607
5,48623838,2.63,3,3144608
1,48623848,0.025,1,3144609
2,49072063,7,1,3171105
1,49072068,0.2,1,3171106
5,49072072,0.485,3,3171107
5,49072073,0.425,3,3171108
13,49072082,12,7,3171109
5,49072115,1,1,3171110
5,49072118,2,1,3171111
5,49068980,1.9,1,3171177
1,49069001,0.1,1,3171178
5,49069022,0.1,3,3171179
10,49072144,84,1,3171184
8,49072161,90,9,3171185
5,49072168,6.2,1,3171186
5,49072200,0.01,3,3171187
15,49055829,0.8,1,3171193
1,49055846,0.1,1,3171194
5,49064253,0.41,3,3171228
1,49064254,0.3,1,3171229
2,49069067,7,1,3171254
16,49069078,13.2,1,3171255
1,49071468,0.1,1,3171270
5,49071474,27,1,3171271
1,49071525,1.4,1,3171272
1,49072214,0.2,1,3171273
1,49054757,90.1,1,3171280
5,49054776,0.24,3,3171281
5,49062026,60.1,1,3171305
5,49062033,3.1,1,3171306
5,49062034,1,3,3171307
5,49062035,0.106,3,3171308
16,49064327,8.4,1,3171316
5,49064328,10.6,1,3171317
1,49064336,0.3,1,3171318
2,49048734,11.8,1,3175526
2,49048756,108.2,1,3175527
5,49048764,0.28,3,3175528
5,49048765,9.2,1,3175529
1,49048766,2.7,1,3175530
5,49048774,17.5,1,3175531
1,49048778,1.3,1,3175532
5,49048779,46.4,1,3175533
1,49048790,1.6,1,3175534
1,49051155,6.3,1,3175541
8,49051160,1.4,1,3175542
5,49047623,25.1,1,3175615
5,49047633,0.27,3,3175616
5,49041681,2,3,3175797
10,49041687,76,1,3175798
1,49041688,1,1,3175799
16,49041694,12,9,3175800
1,49041698,0.4,1,3175801
5,49247838,0.26,3,3180269
1,49247842,0.01,1,3180270
5,49247865,0.88,3,3180271
5,49247871,0.225,3,3180272
5,49247874,0.625,3,3180273
16,49253858,7.3,1,3180292
16,49253879,5.6,1,3180293
5,49254963,0.14,3,3180294
17,49247890,37.2,1,3180342
5,49247907,0.015,3,3180343
5,49247909,0.41,3,3180344
5,49253893,0.55,3,3180366
5,49253895,0.065,3,3180367
5,49253897,0.215,3,3180368
5,49253935,0.335,3,3180369
5,49253946,0.77,3,3180370
5,49253947,0.09,3,3180371
16,49247968,0.76,3,3180413
1,49247971,0.1,1,3180414
8,49247989,0.2,1,3180415
5,49249204,0.105,3,3180417
5,49251634,0.125,3,3180428
5,49251655,0.34,3,3180429
16,49251663,18,9,3180430
8,49248056,21,9,3180471
5,49254036,0.115,3,3180493
5,49254054,0.325,3,3180494
5,49254085,0.095,3,3180495
2,49254086,0.4,1,3180496
1,49254102,1.6,1,3180497
5,49332928,1,3,3184697
1,49334112,1,1,3184719
5,49334117,2.29,1,3184720
17,49334119,9,9,3184721
5,49334126,0.012,1,3184722
5,49334127,3,1,3184723
5,49334128,4,1,3184724
12,49334140,3.5,9,3184725
1,49322781,0.1,1,3184749
5,49322782,1.3,1,3184750
2,49322784,1.4,1,3184751
5,49322793,1.1,1,3184752
2,49322797,0.1,1,3184753
8,49322800,3,9,3184754
2,49322806,0.8,1,3184755
5,49322809,0.5,1,3184756
5,49322811,2.4,1,3184757
15,49322821,1,9,3184758
1,49322829,0.01,1,3184759
5,49322840,2,1,3184760
1,49322849,0.1,1,3184761
8,49323903,27,9,3184762
5,49323907,8.5,1,3184763
15,49323911,60,9,3184764
15,49323916,8,9,3184765
15,49323918,8,9,3184766
1,49327359,0.01,1,3184816
1,49327363,0.2,1,3184817
1,49327364,0.2,1,3184818
2,49329659,0.05,1,3184830
5,49329661,0.55,3,3184831
5,49332988,0.3,3,3184873
5,49332997,0.11,3,3184874
5,49333008,0.46,3,3184875
5,49333020,1.56,3,3184876
5,49334150,20,1,3184878
12,49334187,1,1,3184879
14,49334200,11,1,3184880
5,49334222,0.08,3,3184881
5,49318146,12.73,1,3189066
5,49318149,0.29,3,3189067
2,49318162,0.03,1,3189068
15,49318172,1.05,1,3189069
5,49318180,2.2,1,3189070
15,49319308,0.91,1,3189071
15,49319315,94.94,1,3189072
5,49319316,0.14,3,3189073
2,49319319,0.51,1,3189074
8,49319327,2.95,1,3189075
5,49319352,0.5,3,3189076
5,49305264,0.03,3,3189110
5,49307670,0.16,3,3189120
5,49308836,1.62,3,3189121
2,49308863,0.05,1,3189122
5,49308871,1,9,3189123
8,49308880,22,9,3189124
5,49308883,1,1,3189125
5,49309988,1.07,3,3189126
5,49312399,0.8,3,3189136
5,49317022,7.95,3,3189248
4,49317054,0.01,1,3189249
5,49317056,0.371,3,3189250
5,49318201,6.12,1,3189254
5,49318203,1.94,3,3189255
8,49318206,0.72,1,3189256
8,49318209,22.7,1,3189257
2,49318254,1.06,1,3189258
5,49318255,0.117,3,3189259
5,49319370,0.3,3,3189260
5,49319376,0.307,3,3189261
5,49319377,0.14,3,3189262
5,49319378,0.56,3,3189263
5,49319380,0.24,1,3189264
8,49319391,13.84,1,3189265
5,49319406,2.35,1,3189266
5,49319417,0.685,3,3189267
5,49319418,0.138,3,3189268
5,49319419,0.169,3,3189269
15,49319420,0.91,1,3189270
5,49305277,0.25,3,3189322
5,49307698,2.5,1,3189329
1,49307708,1.4,1,3189330
5,49307720,0.27,3,3189331
5,49307766,0.19,3,3189332
5,49310070,0.22,3,3189337
5,49310078,0.31,3,3189338
16,49310105,1,9,3189339
5,49310106,0.3,3,3189340
2,49414639,28.3,1,3202502
5,49414640,4.2,1,3202503
12,49414641,7.4,1,3202504
5,49416985,2.1,1,3202512
16,49416989,1,11,3202513
5,49416993,1,3,3202514
5,49416994,1,3,3202515
5,49416995,2,3,3202516
5,49416996,2,3,3202517
12,49416997,1,1,3202518
12,49416998,1,1,3202519
5,49416999,1,3,3202520
16,49417000,1,1,3202521
5,49417001,1,3,3202522
5,49417002,1,3,3202523
16,49414642,1,11,3202593
16,49414643,1,11,3202594
1,49414644,3.3,1,3202595
1,49414645,1.1,1,3202596
2,49414647,0.24,3,3202597
1,49414653,1.2,1,3202598
12,49414654,6.6,1,3202599
1,49414655,69.9,1,3202600
12,49414656,8.4,1,3202601
5,49414657,44.2,1,3202602
1,49414659,92.9,1,3202603
5,49414662,0.35,3,3202604
12,49414663,10.2,1,3202605
12,49414666,1,11,3202606
1,49414670,25.3,1,3202607
12,49414676,0.7,1,3202608
12,49414679,4.3,1,3202609
16,49414705,1,11,3202610
5,49414707,1,3,3202611
5,49414708,1,3,3202612
5,49414709,1,3,3202613
5,49417004,1,3,3202619
5,49417005,1,3,3202620
16,49417007,1,1,3202621
16,49417008,1,1,3202622
2,49417009,2,1,3202623
16,49419349,1,11,3205257
5,49419350,0.3,1,3205258
16,49420624,1,11,3205357
16,49420625,1,11,3205358
5,49420627,1.5,1,3205359
2,49420629,1.1,1,3205360
16,49420630,20,9,3205361
2,49420631,1.5,1,3205362
12,49420632,3.3,1,3205363
2,49420633,4.5,1,3205364
16,49420634,0.2,1,3205365
5,48613935,0.176,1,3144648
1,48613941,1.9,1,3144649
5,48613991,0.421,3,3144650
8,49054796,1,1,3171375
5,49054816,4.1,1,3171376
5,49054821,0.425,3,3171377
5,49054822,11,1,3171378
1,49054824,0.2,1,3171379
1,49054832,0.01,1,3171380
5,49054834,13.9,1,3171381
5,49054837,703,1,3171382
2,49054844,1.5,1,3171383
1,49062062,0.2,1,3171401
4,49062076,0.1,1,3171402
5,49062090,0.575,3,3171403
5,49064346,5.5,1,3171406
1,49064370,0.1,1,3171407
5,49064373,3.4,1,3171408
5,49068062,0.161,3,3171422
1,49071608,1.2,1,3171437
5,49071611,76,1,3171438
8,49071623,3,9,3171439
5,49072406,0.02,3,3171444
5,49072411,0.585,3,3171445
5,49072412,0.435,3,3171446
1,49072418,0.1,1,3171447
5,49054861,0.2,3,3171448
16,49054898,0.8,1,3171449
5,49054912,0.02,1,3171450
8,49054921,2.7,1,3171451
2,49054923,1.4,1,3171452
1,49066894,16,1,3171494
1,49066895,2.3,1,3171495
5,49066914,498.1,1,3171496
5,49066917,0.2,3,3171497
5,49066923,0.25,3,3171498
8,49068072,42.8,1,3171499
1,49068087,1,1,3171500
11,49068088,0.2,1,3171501
5,49068126,0.1,3,3171502
1,49068132,0.1,1,3171503
1,49068141,0.2,1,3171504
8,49072449,300,1,3171513
5,49054929,0.229,3,3171515
11,49054934,8.3,1,3171516
1,49054948,4.9,1,3171517
5,49054952,2.1,3,3171518
1,49054954,1.7,1,3171519
16,49054963,4,1,3171520
16,49054975,4,1,3171521
8,49054976,2,9,3171522
1,49054979,0.5,1,3171523
5,49054981,0.015,3,3171524
16,49054987,3,9,3171525
1,49054995,0.4,1,3171526
5,49061059,0.2,3,3171537
1,49061060,0.3,1,3171538
1,49061082,0.1,1,3171539
8,49061112,613,1,3171540
5,49063357,6.5,3,3171547
1,49063370,2.7,1,3171548
5,49063376,0.105,3,3171549
1,49063377,1.8,1,3171550
5,49063378,0.28,3,3171551
1,49063382,1.6,1,3171552
5,49063406,2.8,1,3171553
2,49065786,0.8,1,3171566
5,49065790,119.6,1,3171567
5,49066956,5.6,1,3171568
1,49066957,0.001,1,3171569
2,49068147,119.2,1,3171574
16,49068156,1,1,3171575
5,49068158,0.12,3,3171576
2,49068165,1,1,3171577
5,49069396,0.02,3,3171579
5,49069408,0.48,3,3171580
2,49069414,8,1,3171581
5,49069427,0.01,1,3171582
5,49070635,0.469,3,3171585
5,49070636,0.198,3,3171586
5,49061119,0.79,3,3171618
1,49069455,4,1,3171647
1,49069458,12,1,3171648
1,49069464,1.25,1,3171649
16,49041699,18,1,3175802
2,49041717,0.3,1,3175803
5,49047758,1,1,3175832
1,49047759,0.03,1,3175833
1,49047761,0.5,1,3175834
1,49047764,1.5,1,3175835
5,49047770,0.455,3,3175836
10,49047771,3.7,1,3175837
5,49047773,1.5,1,3175838
5,49047797,1,1,3175839
5,49047799,15,1,3175840
1,49048947,1,1,3175841
5,49048963,37.5,1,3175842
5,49048971,0.75,3,3175843
1,49049004,6.8,1,3175844
1,49049016,1,1,3175845
1,49050164,0.2,1,3175846
1,49050165,0.4,1,3175847
5,49050168,12,1,3175848
1,49050197,1.2,1,3175849
8,49050204,0.3,1,3175850
1,49041726,0.8,1,3175912
5,49041735,40.6,1,3175913
5,49041745,5.2,1,3175914
5,49041746,1,3,3175915
16,49041747,13.3,1,3175916
5,49041751,2.6,1,3175917
1,49045378,0.2,1,3175948
5,49246909,0.235,3,3180559
5,49250606,3.685,3,3180581
8,49250610,1.3,1,3180582
5,49247032,1.61,3,3180638
5,49247033,0.135,3,3180639
5,49248237,0.025,3,3180642
5,49248243,1.51,3,3180643
1,49248248,0.01,1,3180644
15,49248249,8,9,3180645
8,49250615,0.8,1,3180657
5,49250618,0.11,3,3180658
5,49250625,0.85,3,3180659
5,49250658,0.15,3,3180660
2,49250670,0.8,1,3180661
5,49250679,0.405,3,3180662
5,49247055,1.05,3,3180702
5,49247074,0.06,3,3180703
5,49247080,0.16,3,3180704
5,49247095,0.045,3,3180705
12,49248272,0.3,1,3180706
5,49250715,0.04,3,3180708
5,49253129,0.135,3,3180715
5,49253151,0.205,3,3180716
16,49253162,6.2,1,3180717
12,49253182,0.7,1,3180718
2,49253185,0.1,1,3180719
5,49253190,0.4,3,3180720
5,49334248,1,11,3185098
1,49324082,0.5,1,3185196
1,49324094,1,1,3185197
5,49324105,56.7,1,3185198
5,49312441,0.5,1,3189346
5,49312445,1.09,1,3189347
8,49312446,0.43,1,3189348
1,49312450,12.3,1,3189349
2,49312463,0.41,1,3189350
5,49312465,0.3,3,3189351
15,49312466,1.57,1,3189352
5,49312485,3.382,3,3189353
5,49314885,0.09,3,3189390
15,49314887,1.83,1,3189391
16,49314888,9.86,1,3189392
2,49315970,0.1,1,3189394
5,49315972,1.7,1,3189395
1,49315980,0.001,1,3189396
2,49315982,0.2,1,3189397
5,49315983,2.8,1,3189398
8,49315984,6.3,1,3189399
2,49315985,3.6,1,3189400
5,49315999,4,3,3189401
5,49316000,4.6,1,3189402
2,49316006,0.2,1,3189403
1,49316012,12.1,1,3189404
1,49316013,0.1,1,3189405
5,49317134,3.49,1,3189411
2,49317136,1.23,1,3189412
5,49317138,0.266,3,3189413
5,49317145,0.21,3,3189414
16,49317157,3.11,1,3189415
1,49317165,0.04,1,3189416
5,49319427,0.01,3,3189430
15,49319437,0.26,1,3189431
15,49319446,0.1,1,3189432
13,49319454,0.001,1,3189433
5,49305349,0.08,3,3189534
5,49305364,0.14,3,3189535
1,49305374,1.3,1,3189536
5,49305375,0.19,3,3189537
2,49305387,0.1,1,3189538
5,49306585,2,10,3189544
5,49306600,0.08,3,3189545
1,49307789,0.3,1,3189550
5,49312502,0.415,3,3189583
5,49312503,0.247,3,3189584
2,49312509,0.01,1,3189585
16,49312512,4.93,1,3189586
5,49314891,0.11,3,3189611
1,49314897,1,1,3189612
16,49314899,0.81,1,3189613
5,49314900,1.98,1,3189614
2,49314920,7.75,1,3189615
2,49314945,7.37,1,3189616
5,49417010,1,3,3202624
5,49417011,1,3,3202625
5,49417012,1,3,3202626
5,49417013,1,3,3202627
5,49417014,1,3,3202628
5,49417015,1,3,3202629
8,49417864,28,1,3202718
5,49417883,22,3,3202719
16,49407493,1,11,3202755
16,49407494,1,11,3202756
16,49407504,1,11,3202757
16,49407505,1,11,3202758
16,49407506,1,11,3202759
12,49407508,14.3,1,3202760
5,49407509,9.4,1,3202761
16,49407510,1,11,3202762
1,49407511,0.8,1,3202763
2,49407512,1.8,1,3202764
12,49407516,5.6,1,3202765
16,49407517,1,11,3202766
16,49407518,1,11,3202767
16,49407519,1,11,3202768
16,49407544,1,11,3202769
5,49407546,2,3,3202770
5,49407547,1,3,3202771
5,49407548,1,3,3202772
2,49407549,1,1,3202773
5,49407550,1,3,3202774
5,49407551,2,3,3202775
5,49407552,1,3,3202776
5,49407553,1,3,3202777
5,49468649,1.2,1,3202789
2,49468685,1.1,1,3202790
5,49468692,1.6,3,3202791
5,49471029,0.01,3,3202794
2,49472264,0,1,3202797
1,49474629,0.43,1,3202803
5,49474654,1,11,3202804
2,49460146,1,1,3202816
5,49460176,2.4,3,3202817
8,49460184,2,9,3202818
2,49460185,5.2,1,3202819
5,49460190,2.5,1,3202820
2,49460191,2.8,1,3202821
1,49460197,2,1,3202822
5,49460198,0.4,3,3202823
5,49460205,0.2,3,3202824
1,49460206,0.02,1,3202825
5,49460213,1,4,3202826
1,49462567,1.9,1,3202835
1,49462569,0.4,1,3202836
1,49462572,0.3,1,3202837
1,49462577,1,1,3202838
5,49462580,1.5,1,3202839
2,49462583,1.1,1,3202840
12,49462593,3.5,1,3202841
5,49462595,0.5,1,3202842
17,49462601,0,,3202843
12,49462605,0.5,1,3202844
2,49462616,3.2,1,3202845
1,49465040,0.1,1,3202848
5,49465042,0.6,3,3202849
5,49468707,0.065,3,3202858
8,49468719,36,7,3202859
5,49472279,1,11,3202873
5,49473525,4,1,3202883
1,49473527,1.4,1,3202884
16,49473532,86,9,3202885
5,49473533,1,1,3202886
5,49474660,4.5,1,3202887
2,49460221,7.1,1,3202899
17,49460232,0,,3202900
5,49460249,0.6,3,3202901
1,49420636,5.8,1,3205455
12,49420637,1.5,1,3205456
16,49420638,1,11,3205457
2,49420639,0.1,1,3205458
5,49562681,0.52,3,3205507
5,49563836,0.3,1,3205508
5,49563872,1,1,3205509
12,49565058,6.5,1,3205510
5,49565073,0.3,3,3205511
1,49565093,4.1,1,3205512
5,49566242,3.5,1,3205513
12,49567462,0.5,1,3205514
12,49567464,0.7,1,3205515
5,49567481,9.4,1,3205516
5,49567500,5.9,1,3205517
16,49569923,30,1,3205521
5,49569936,0.13,3,3205522
5,49553203,0.35,3,3205529
13,49553207,8.4,1,3205530
2,49553225,1.2,1,3205531
5,49553228,0.185,3,3205532
5,49555636,3.8,1,3205538
5,49555642,16.7,1,3205539
5,49555646,0.1,1,3205540
1,49555674,0.1,1,3205541
2,49555690,0.4,1,3205542
5,49556851,0.2,3,3205543
5,49556874,0.035,3,3205544
1,49556905,0.7,1,3205545
5,49559195,37,1,3205547
1,49561486,0.1,1,3205552
1,49561488,0.3,1,3205553
5,49563903,0.67,3,3205562
5,49565119,1,11,3205563
1,49565128,0.2,1,3205564
1,49565153,0.5,1,3205565
5,49565160,0.03,3,3205566
1,49567530,0.1,1,3205569
8,49567546,0.5,9,3205570
2,49567584,3.9,1,3205571
5,49568800,6.2,1,3205572
5,49569967,1.555,3,3205573
5,49570006,3,1,3205574
17,49553306,20,9,3205575
5,49556948,17.175,3,3205580
5,49556960,0.22,3,3205581
2,49556982,0.4,1,3205582
5,49556986,0.8,1,3205583
16,49558180,1,11,3205585
5,49558184,12.8,1,3205586
5,49559344,3,1,3205589
2,49560468,0.07,1,3205591
5,49560481,1.3,1,3205592
5,49561571,1.18,3,3205594
5,49561605,0.04,3,3205595
2,49562825,1,1,3205596
5,49563961,0.18,3,3205597
5,49564002,18,1,3205598
5,49564020,1.2,1,3205599
5,49566465,0.2,1,3205601
12,49567622,0.8,1,3205602
5,49567628,0.69,3,3205603
1,49568844,0.2,1,3205604
1,49568855,0.3,1,3205605
5,49570646,0.321,3,3205606
5,49570701,0.39,3,3205607
5,49570702,0.088,3,3205608
5,49558230,0.26,3,3205624
5,49558253,3,1,3205625
5,49559352,0.675,3,3205628
1,49559359,0.58,1,3205629
1,49560503,0.005,3,3205630
1,49560519,1.8,1,3205631
5,49562849,9.1,1,3205632
1,49564047,0.5,1,3205633
1,49564064,0.2,1,3205634
5,49564104,2.8,1,3205635
5,49566476,11.2,1,3205640
5,49566479,2,1,3205641
5,49566485,0.5,1,3205642
5,49566509,1,1,3205643
17,49566522,30,9,3205644
12,49566537,0.3,1,3205645
1,49567689,3.9,1,3205646
5,49567698,0.05,3,3205647
4,49567712,0.4,1,3205648
16,49570859,5,9,3205650
5,49570880,6.5,1,3205651
12,49554645,2.3,1,3205655
1,49555880,0.2,1,3205657
2,49555893,0.06,1,3205658
1,49555916,0.5,1,3205659
2,49559469,1.3,1,3205665
5,49559476,1,1,3205666
2,49559477,0.6,1,3205667
5,49560583,70,1,3205668
1,49561758,1.4,1,3205669
5,49562907,4.1,1,3205670
5,49562917,2.8,1,3205671
5,49562926,3.6,1,3205672
5,49562975,3.8,3,3205674
16,49070643,0.06,1,3171653
5,49070678,1,3,3171654
1,49070681,0.1,1,3171655
16,49070690,22.7,1,3171656
5,49070692,5.3,3,3171657
5,49070699,0.62,3,3171658
5,49055146,1,1,3171671
5,49055148,3.7,1,3171672
5,49055150,0.075,3,3171673
5,49058771,1.952,3,3171684
5,49058786,10.5,1,3171685
12,49058789,2.3,1,3171686
5,49021152,9,1,3171750
5,49027295,3.22,3,3171769
5,49021185,1,1,3171825
5,49024807,0.02,3,3171843
5,49027337,24.2,4,3171847
5,49027346,0.34,3,3171848
5,49027351,2.2,1,3171849
8,49028598,3,1,3171862
1,49028600,0.07,1,3171863
5,49022477,1.5,1,3171924
2,49022479,2.5,1,3171925
5,49022481,2,2,3171926
5,49247120,0.02,3,3180792
1,49247140,0.4,1,3180793
5,49247149,0.875,3,3180794
5,49247168,0.035,3,3180795
5,49247177,0.235,3,3180796
5,49247180,0.075,3,3180797
1,49253236,0.1,1,3180821
8,49253251,0.3,1,3180822
5,49253254,0.115,3,3180823
16,49253260,0.004,1,3180824
5,49247293,0.44,3,3180982
5,49247305,0.06,3,3180983
2,49249738,0.3,1,3180990
4,49249743,0.14,3,3180991
5,49249748,12.91,3,3180992
1,49247410,0.001,1,3181053
5,49325274,1,1,3185205
12,49328719,0.1,1,3185262
5,49328733,10.001,1,3185263
5,49331970,1,3,3185318
5,49331972,1.25,3,3185319
5,49335477,0.4,3,3185370
5,49335488,1.3,3,3185371
1,49335491,2.15,1,3185372
5,49322989,0.995,3,3185397
5,49322992,0.89,1,3185398
8,49322994,2.44,1,3185399
17,49322995,1,11,3185400
2,49322996,0.19,1,3185401
8,49322997,4.05,1,3185402
5,49323002,3.3,1,3185403
5,49323004,0.2,1,3185404
1,49323005,0.4,1,3185405
1,49323006,0.1,1,3185406
12,49323007,5.5,9,3185407
5,49324135,2.6,1,3185413
5,49324176,4,1,3185414
1,49325308,0.9,1,3185416
2,49325322,0.2,1,3185417
5,49325329,96,1,3185418
5,49325332,2,1,3185419
2,49325338,2,1,3185420
1,49325352,0.001,1,3185421
5,49328768,1,3,3185446
8,49328772,2,9,3185447
16,49317171,0.05,3,3189645
8,49304218,0.2,1,3189716
2,49304230,0.6,1,3189717
5,49313780,0.24,3,3189765
16,49314965,1.04,1,3189766
16,49317266,51.12,1,3189815
15,49317268,5.17,1,3189816
5,49317278,0.04,3,3189817
5,49317281,0.07,3,3189818
15,49317289,1.42,1,3189819
5,49317290,1.29,3,3189820
8,49317292,24.29,1,3189821
8,49317297,3.39,1,3189822
8,49317298,9.05,1,3189823
1,49317299,0.21,1,3189824
2,49317309,125.99,1,3189825
16,49304306,15.5,9,3189856
12,49304323,0.2,1,3189857
1,49304347,0.1,1,3189858
2,49306745,0.6,1,3189870
1,49307929,3,1,3189871
1,49307941,27.2,1,3189872
2,49307944,1.7,1,3189873
8,49311524,1,9,3189890
2,49343602,1.34,1,3198569
5,49343610,0.12,3,3198570
5,49343611,0.175,3,3198571
5,49344832,1,3,3198578
5,49344844,1,3,3198579
5,49344883,1,3,3198580
2,49344923,0.9,1,3198644
8,49344969,1,11,3198645
12,49344970,0.21,1,3198646
5,49344971,1,11,3198647
8,49346156,2,9,3198650
5,49346159,0.5,3,3198651
5,49346165,0.5,3,3198652
5,49346166,0.2,3,3198653
5,49346187,0.5,3,3198654
5,49351051,0.15,3,3198665
5,49351063,0.172,3,3198666
16,49351066,27,9,3198667
5,49351068,2.68,3,3198668
5,49351070,0.105,3,3198669
5,49351074,0.205,3,3198670
5,49351076,0.04,3,3198671
2,49351083,13,1,3198672
5,49351096,0.27,3,3198673
5,49342595,6.2,1,3198713
12,49342600,0.04,1,3198714
16,49344997,0,,3198721
5,49345020,1,3,3198722
5,49348718,0.025,3,3198732
16,49348731,29.43,1,3198733
5,49460286,2,1,3202902
8,49462647,44.5,9,3202908
5,49462652,7.2,1,3202909
5,49462664,2.3,1,3202910
2,49462665,0.1,1,3202911
1,49465138,0.3,8,3202922
5,49465139,0.1,3,3202923
1,49466319,5.1,1,3202925
1,49466336,0.2,1,3202926
1,49466354,0.5,1,3202927
5,49473542,1,3,3202956
5,49473543,1,3,3202957
8,49473544,1,1,3202958
1,49473552,29,9,3202959
16,49473554,4,9,3202960
2,49473561,5.9,4,3202961
16,49473565,5,9,3202962
5,49473570,1.7,1,3202963
2,49473574,3,1,3202964
5,49473575,1,1,3202965
5,49473576,0.9,1,3202966
5,49473585,5.5,1,3202967
5,49473601,0.25,3,3202968
5,49473609,36,1,3202969
8,49456662,17,9,3202976
1,49456692,0.6,1,3202977
1,49459110,3.6,1,3202981
5,49459116,0.1,3,3202982
1,49459142,0.01,1,3202983
5,49459146,0.9,1,3202984
1,49459149,0.01,1,3202985
1,49465158,0.01,1,3203001
5,49466383,17.3,1,3203004
5,49466384,0.06,3,3203005
5,49466407,0.19,3,3203006
5,49466409,0.01,3,3203007
1,49466424,1.5,1,3203008
12,49466426,55.8,1,3203009
2,49466428,521,1,3203010
5,49471274,0.63,3,3203023
2,49471282,3.6,1,3203024
1,49471296,0.01,1,3203025
5,49471300,0.088,3,3203026
5,49473626,10,1,3203034
5,49473634,7.5,1,3203035
2,49473658,0.2,1,3203036
2,49475561,0.02,1,3203037
2,49456711,1.5,1,3203041
5,49456738,0.7,3,3203042
5,49459167,1.8,3,3203049
2,49459170,3.31,1,3203050
5,49459174,0.1,3,3203051
15,49459223,1,9,3203055
1,49461660,0.9,1,3203063
1,49462800,0.1,1,3203064
1,49462807,0.5,1,3203065
1,49462813,0.2,1,3203066
5,49462830,0.5,1,3203067
1,49462843,4.8,1,3203068
2,49462844,1.2,1,3203069
2,49462851,0.1,1,3203070
5,49462853,1,4,3203071
17,49462861,0,,3203072
5,49462862,1.5,1,3203073
5,49466496,1.65,3,3203080
5,49471311,3.2,1,3203088
1,49471323,0.2,1,3203089
4,49471332,0.42,9,3203090
17,49473750,0,,3203104
5,49459234,7.5,1,3203121
17,49459240,0,,3203122
17,49459241,0,,3203123
1,49459248,0.1,1,3203124
5,49459249,0.3,1,3203125
12,49459254,1,9,3203126
5,49459257,2.2,1,3203127
12,49459258,1.1,1,3203128
8,49459280,1,9,3203129
12,49459300,2.5,1,3203130
5,49459303,0.25,3,3203131
4,49460458,1,1,3203132
5,49460466,1,3,3203133
2,49460515,1,1,3203134
5,49460516,12.2,1,3203135
5,49461661,0.1,3,3203136
5,49461692,1.6,1,3203137
1,49461696,0.2,1,3203138
1,49461697,0.8,1,3203139
8,49462874,4,9,3203142
2,49462875,0.1,1,3203143
1,49462876,0.1,1,3203144
17,49462878,1,9,3203145
5,49462887,20.5,1,3203146
15,49462888,23,9,3203147
1,49462908,0.1,1,3203148
2,49462917,0.1,1,3203149
5,49462924,8.4,1,3203150
5,49466584,0.2,3,3203161
5,49467783,0.01,3,3203162
5,49467793,0.2,3,3203163
1,49564133,0.7,1,3205675
5,49564137,0.28,3,3205676
5,49564155,5.5,1,3205677
5,49564162,8.5,1,3205678
1,49565359,8.9,1,3205679
1,49565361,0.3,1,3205680
5,49565384,0.19,3,3205681
1,49565385,0.6,1,3205682
2,49565397,0.01,1,3205683
1,49567782,74.2,1,3205686
5,49567783,2.7,1,3205687
1,49567817,0.03,1,3205688
5,49568983,160.3,1,3205689
5,49568994,4.4,1,3205690
5,49569033,32.59,3,3205691
17,49570955,104,1,3205692
1,49552322,0.3,1,3205693
4,49552325,23.6,1,3205694
5,49552336,17.6,1,3205695
1,49552337,0.7,1,3205696
1,49552365,28.8,1,3205697
12,49553551,20,1,3205699
5,49554730,0.8,1,3205700
1,49554744,1.4,1,3205701
5,49555955,0.176,3,3205702
1,49555979,5.4,1,3205703
5,49559512,7.1,1,3205711
5,49559565,2.9,1,3205712
1,49560701,1,1,3205713
5,49561799,0.33,3,3205714
4,49561804,7.7,1,3205715
5,49561833,0.105,3,3205716
1,49562981,0.2,1,3205717
2,49563005,2.52,1,3205718
1,49563028,0.2,1,3205719
12,49563038,0.3,1,3205720
5,49563045,0.007,3,3205721
5,49564195,2000.65,4,3205722
5,49564200,0.08,3,3205723
5,49564205,0.1,3,3205724
12,49565428,0.05,1,3205725
12,49565434,2,1,3205726
5,49565449,0.43,3,3205727
5,49567844,1310.1,1,3205730
5,49567861,21.09,1,3205731
5,49567879,0.3,1,3205732
2,49569034,0.3,1,3205733
12,49569038,153.3,1,3205734
1,49569044,0.085,1,3205735
5,49569051,0.08,3,3205736
1,49569104,4.6,1,3205737
5,49571006,26.6,1,3205738
2,49552390,193.5,1,3205739
1,49553583,0.3,1,3205742
1,49553584,2.6,1,3205743
1,49553586,7.3,1,3205744
1,49553596,0.2,1,3205745
2,49553605,0.5,1,3205746
16,49554786,0.15,3,3205750
5,49556012,5.2,1,3205753
17,49556033,1,3,3205754
5,49556059,1,11,3205755
12,49558465,2.01,1,3205762
4,49558468,0.4,1,3205763
5,49558481,31,1,3205764
5,49559594,1.3,1,3205765
5,49559598,3.2,1,3205766
16,49561859,1,1,3205769
12,49561881,1.9,1,3205770
5,49561887,3.8,1,3205771
12,49561897,11,1,3205772
5,49561912,0.5,3,3205773
5,49563066,0.8,3,3205774
1,49563068,11.5,1,3205775
17,49563073,0,,3205776
5,49563074,0.07,3,3205777
5,49563096,0.021,3,3205778
1,49563102,11.8,1,3205779
2,49563116,1.6,1,3205780
5,49565500,47,4,3205781
12,49565520,1.1,1,3205782
5,49565522,20.5,1,3205783
5,49565528,3,1,3205784
5,49565532,4,1,3205785
5,49565543,0.7,1,3205786
16,49569110,0.5,1,3205790
8,49569116,0.1,1,3205791
1,49569144,1.5,1,3205792
1,49569147,0.07,1,3205793
1,49570708,0.03,1,3205794
12,49558526,19.1,1,3205809
5,49558530,0.5,3,3205810
1,49558532,3.6,1,3205811
12,49558578,1.9,1,3205814
5,49558583,1.3,1,3205815
5,49561942,1.5,1,3205818
5,49561979,4.3,1,3205819
17,49561989,7.1,1,3205820
12,49563143,0.06,1,3205821
5,49563193,0.325,3,3205822
2,49564345,1,1,3205823
5,49564394,1.13,3,3205824
5,49565563,1.957,3,3205825
5,49565571,10,1,3205826
12,49565573,2.1,1,3205827
5,49565585,0.6,1,3205828
5,49565588,0.098,3,3205829
1,49566811,0.1,1,3205831
1,49570845,4.1,1,3205840
5,49570856,2,1,3205841
5,49552576,0.415,3,3205842
12,49552585,4.2,3,3205843
5,49553733,0.21,3,3205844
8,49554951,0.5,1,3205845
8,49554966,7.1,1,3205846
5,49554974,0.17,3,3205847
5,49556206,1.235,3,3205848
5,49558645,5.1,1,3205853
5,49558649,0.6,1,3205854
12,49558659,0.4,1,3205855
5,49560897,8,3,3205857
5,49560933,1,11,3205858
1,49563261,0.3,1,3205862
17,49565637,0.004,3,3205863
5,49566887,1,11,3205865
5,49566893,0.125,3,3205866
5,49568076,0.11,3,3205867
5,49568095,0.135,3,3205868
12,49569328,0.5,1,3205869
1,49570045,32.8,1,3205870
5,49570066,29.7,1,3205871
2,49570084,0.1,1,3205872
12,49570092,0.5,1,3205873
1,49552636,0.36,1,3205874
1,49552643,2.5,1,3205875
2,49553802,91.6,1,3205876
2,49553803,0.5,1,3205877
5,49553804,0.19,3,3205878
12,49553824,1,1,3205879
2,49553849,0.1,1,3205880
2,49553866,0.303,1,3205881
1,49555026,0.6,1,3205882
16,49555034,0,1,3205883
5,49555078,0.35,3,3205884
5,49555080,0.09,3,3205885
1,49558669,2.4,1,3205893
5,49560991,0.2,1,3205903
16,49563284,4,1,3205906
5,49563288,0.5,3,3205907
1,49563297,36.5,1,3205908
11,49563298,6.5,1,3205909
5,49563317,0.511,3,3205910
5,49563333,3.9,1,3205911
1,49564506,0.2,1,3205912
1,49564515,0.3,1,3205913
1,49564520,0.052,3,3205914
5,49564550,0.12,3,3205915
5,49565728,4.505,3,3205916
12,49565729,0.1,1,3205917
5,49565735,25.5,1,3205918
2,49568130,3.9,1,3205921
2,49568150,0.01,1,3205922
1,49568154,0.4,1,3205923
1,49569362,3.3,1,3205924
1,49570115,3.8,1,3205925
12,49553890,3,1,3205929
5,49553922,0.11,3,3205930
5,49553932,0.07,3,3205931
5,49555098,5.4,1,3205932
5,49555110,0.16,3,3205933
12,49555133,0.3,1,3205934
2,49555149,0.9,1,3205935
5,49556312,0.071,3,3205936
1,49556320,0.2,1,3205937
2,49556376,3136.107,1,3205938
2,49556379,0.142,1,3205939
4,48627494,0.1,1,3140766
5,48633519,14,1,3140807
2,48633520,15.001,1,3140808
5,48633522,0.34,3,3140809
16,48633526,5,9,3140810
1,48633528,2.6,1,3140811
1,48626342,0.5,1,3140851
5,48627589,0.003,1,3140858
16,48627594,1.003,1,3140859
5,48627602,2.1,1,3140860
1,48628784,0.6,1,3140864
5,48628804,0.2,1,3140865
1,48633564,5.4,1,3140885
2,48633572,0.4,1,3140886
5,48633578,1,1,3140887
1,48638321,42,1,3140917
5,48627638,0.22,3,3140968
5,48627639,0.36,3,3140969
12,48627644,0.5,1,3140970
5,48627657,0.106,3,3140971
2,48627673,5.5,1,3140972
16,48627685,6.4,1,3140973
5,48628832,0,1,3140974
2,49022487,230,1,3171927
5,49028614,1.1,1,3171950
1,49028618,0.2,1,3171951
5,49028624,0.02,3,3171952
1,49028628,5,1,3171953
5,49028637,0.932,3,3171954
5,49028655,70.4,1,3171955
5,49028660,7.9,1,3171956
1,49028663,0.6,1,3171957
11,49028669,0.7,1,3171958
5,49028672,3.1,1,3171959
5,49028674,0.075,3,3171960
5,49028676,44.9,1,3171961
8,49028681,603.2,1,3171962
5,49028689,9.5,1,3172061
1,49020234,0.9,1,3172115
1,49026386,0.2,1,3172135
5,49026387,0.42,3,3172136
1,49026392,0.1,1,3172137
2,49026407,0.01,1,3172138
1,49252211,0.1,1,3181086
5,49252229,0.125,3,3181087
8,49252246,0.5,1,3181088
5,49252282,0.33,3,3181089
1,49247442,2.6,1,3181154
5,49247448,0.485,3,3181155
17,49247453,0,,3181156
5,49248779,0.48,3,3181287
5,49332039,1,3,3185489
15,49325379,2,9,3185573
1,49325383,0.5,1,3185574
12,49328812,1.2,1,3185619
5,49328815,3.9,1,3185620
5,49328831,0.23,1,3185621
5,49328853,1,3,3185622
5,49329949,6.5,1,3185627
5,49329958,1.2,3,3185628
5,49329960,1,3,3185629
12,49329970,0,,3185630
12,49329977,1,1,3185631
5,49333308,1.2,1,3185639
5,49313806,0.05,3,3189918
5,49313820,0.11,3,3189919
5,49313822,3.29,1,3189920
5,49313831,0.07,3,3189921
5,49317329,12.53,1,3189967
1,49318560,1.2,1,3189983
5,49318561,7.3,1,3189984
5,49305623,0.64,3,3190034
5,49305637,0.8,3,3190035
5,49306790,2.3,1,3190036
5,49306791,0.1,3,3190037
5,49306820,0.73,3,3190038
5,49306844,11.8,1,3190039
2,49311546,3.3,1,3190079
5,49311583,0.52,3,3190080
2,49311594,1,1,3190081
8,49313879,2,9,3190087
1,49313880,1.5,1,3190088
5,49313890,0.001,1,3190089
5,49318574,4.9,1,3190109
12,49318575,0.1,1,3190110
5,49318576,0.6,1,3190111
5,49318581,0.5,1,3190112
16,49318584,0.8,1,3190113
5,49318592,0.9,1,3190114
2,49318609,7.7,1,3190115
5,49318613,3.6,1,3190116
2,49318615,0.01,1,3190117
8,49318629,16,9,3190118
5,49318630,3,1,3190119
5,49318631,11.8,1,3190120
1,49318635,0.2,1,3190121
1,49318638,0.2,1,3190122
12,49351129,5.45,1,3198737
12,49351132,14.1,1,3198738
5,49351133,4.1,1,3198739
1,49351137,0.9,3,3198740
16,49351138,1,11,3198741
12,49351142,23.9,1,3198742
16,49351143,1,11,3198743
5,49351145,0.01,1,3198744
16,49351152,1,11,3198745
16,49351153,1,11,3198746
12,49351155,14.4,1,3198747
5,49351157,0.14,3,3198748
16,49351164,1,11,3198749
5,49351165,0.1,1,3198750
2,49351166,0.4,1,3198751
16,49351167,1,11,3198752
5,49342623,0,,3198791
5,49342644,0.05,3,3198792
5,49342667,0.04,3,3198793
5,49342668,0.165,3,3198794
5,49342669,0.2,3,3198795
5,49342682,0.07,3,3198796
5,49348734,1.157,4,3198826
12,49348736,6.46,1,3198827
5,49348738,0.02,3,3198828
2,49348739,0.67,1,3198829
5,49348742,29,4,3198830
12,49348746,0.01,1,3198831
5,49348755,0.2,3,3198832
5,49348766,0.28,3,3198833
5,49348767,0.33,3,3198834
5,49348779,0.75,3,3198835
12,49342699,0.5,1,3198888
5,49342711,0.5,3,3198889
5,49342715,0.5,3,3198890
12,49345202,0.58,1,3198899
5,49345204,1.43,3,3198900
5,49347639,0.5,3,3198908
5,49347642,0.5,3,3198909
12,49348846,0.1,1,3198910
5,49348848,0.06,3,3198911
12,49348850,0.01,1,3198912
5,49348860,0.475,3,3198913
5,49348861,0.13,3,3198914
12,49348864,14.3,1,3198915
1,49348866,0.08,1,3198916
5,49345215,1.3,3,3198957
5,49345223,0.215,3,3198958
5,49345227,0.26,3,3198959
5,49345240,0.13,3,3198960
5,49345248,0.315,3,3198961
12,49345249,0.01,1,3198962
15,49345252,1.16,1,3198963
5,49345254,0.02,3,3198964
12,49345261,3.73,1,3198965
5,49345262,0.04,3,3198966
5,49345263,1.1,3,3198967
5,49345265,0.1,3,3198968
2,49345274,0.1,1,3198969
12,49345275,0.35,1,3198970
5,49345278,46,3,3198971
5,49348884,0.18,3,3198978
5,49348892,0.12,3,3198979
5,49348899,0.05,3,3198980
5,49348901,0.365,3,3198981
12,49348903,0.74,1,3198982
5,49348908,0.05,3,3198983
5,49348910,0.17,3,3198984
16,49348914,13,9,3198985
5,49348926,0.35,3,3198986
5,49348947,1.6,3,3198987
1,49473794,0.8,1,3203182
5,49475703,0.028,3,3203185
12,49475717,0.2,1,3203186
2,49475764,0.5,1,3203187
1,49475765,0.4,1,3203188
5,49475766,3.6,1,3203189
12,49459306,2.4,1,3203197
5,49459314,1,3,3203198
5,49460520,6.5,1,3203200
5,49460527,0.4,1,3203201
5,49460530,1,11,3203202
2,49460540,7.1,1,3203203
1,49460552,2.3,1,3203204
2,49460558,3.5,1,3203205
1,49460560,4.1,1,3203206
5,49464212,5.5,1,3203228
5,49464214,4,1,3203229
5,49464229,2,3,3203230
5,49464231,3.91,3,3203231
1,49465425,4,1,3203233
5,49465446,1,1,3203234
5,49466593,0.1,3,3203235
5,49466597,1.5,1,3203236
2,49466632,1,11,3203237
16,49466633,7,9,3203238
5,49472684,1.089,1,3203259
5,49472693,4.3,1,3203260
2,49472708,0.5,1,3203261
12,49475439,3.3,1,3203265
5,49456942,0.7,3,3203266
2,49456949,1.8,1,3203267
5,49456954,3.1,3,3203268
12,49456967,2,9,3203269
5,49456990,0.2,3,3203270
1,49456992,0.3,1,3203271
5,49456998,1.6,3,3203272
1,49457007,0.3,1,3203273
8,49461884,3,9,3203291
5,49461885,0.6,1,3203292
5,49472722,1,1,3203333
5,49472727,14.6,1,3203334
8,49472739,3,9,3203335
1,49472762,157,1,3203336
2,49472786,1.8,1,3203337
2,49475493,2.7,1,3203346
5,49475505,0.11,3,3203347
2,49475517,0.7,1,3203348
12,49475519,0.5,1,3203349
5,49475542,0.07,3,3203350
5,49459506,0.3,3,3203364
5,49459513,0.1,1,3203365
5,49459514,1.49,3,3203366
2,49459521,0.4,1,3203367
1,49459522,0.5,1,3203368
5,49461923,0.1,3,3203373
5,49461924,2.8,1,3203374
5,49461925,0.1,1,3203375
1,49461938,0.3,1,3203376
15,49461958,5,9,3203377
5,49471613,0.15,3,3203399
4,49471635,15,9,3203400
12,49472788,0.5,1,3203402
5,49472835,2,3,3203404
12,49472859,13.43,4,3203405
1,49459545,5.4,1,3203431
2,49459559,1.2,1,3203432
5,49459569,9.8,1,3203433
5,49459570,0.1,1,3203434
5,49459593,1.44,4,3203435
1,49459595,0.01,1,3203436
1,49459600,0.5,1,3203437
5,49459601,2.5,1,3203438
5,49459603,1.1,1,3203439
15,49461964,4,9,3203449
1,49461965,0.1,1,3203450
5,49563401,0.35,3,3205956
5,49564600,0.214,3,3205957
1,49564601,2.3,1,3205958
5,49564606,0.08,3,3205959
2,49564608,0.1,1,3205960
5,49564610,1.9,1,3205961
5,49569444,2.4,1,3205964
12,49569450,20.4,1,3205965
12,49569456,0.25,1,3205966
5,49555166,0.01,3,3205973
1,49555167,1.2,1,3205974
1,49555213,0.01,1,3205975
5,49555216,0.12,3,3205976
2,49559961,1.7,1,3205984
5,49559967,0.112,3,3205985
5,49559991,0.035,3,3205986
5,49559996,0.18,3,3205987
16,49561161,4,1,3205991
12,49561162,0.3,1,3205992
1,49561169,3.5,1,3205993
5,49563439,0.16,3,3205995
5,49564687,0.12,3,3205996
4,49564689,0.4,1,3205997
5,49565871,6.7,1,3205998
5,49565876,0.4,1,3205999
17,49565886,13,9,3206000
1,49565929,0.992,1,3206001
5,49567107,2.5,1,3206003
5,49567127,0.29,3,3206004
5,49567129,2.3,1,3206005
17,49568353,57,9,3206006
5,49569498,4.8,1,3206007
5,49569499,4,1,3206008
1,49569543,2.8,1,3206009
5,49569547,0.6,1,3206010
12,49570288,2.4,1,3206013
1,49570322,0.3,1,3206014
17,49555245,1,11,3206018
1,49555260,0.02,1,3206019
1,49555261,3.5,1,3206020
2,49556463,37.5,1,3206021
1,49556469,0.9,1,3206022
12,49556525,0.101,1,3206023
5,49557699,0.229,3,3206025
1,49557716,0.4,1,3206026
5,49557721,1,11,3206027
5,49560040,6.6,1,3206035
5,49560042,0.15,3,3206036
12,49560052,42.8,1,3206037
5,49561176,0.1,3,3206041
1,49561178,0.2,1,3206042
5,49561182,4,1,3206043
8,49561197,35,1,3206044
12,49561204,11,1,3206045
1,49561207,8,1,3206046
5,49561214,2,3,3206047
2,49561215,0.8,1,3206048
16,49564728,16,9,3206054
1,49564739,8.4,1,3206055
1,49565973,21,1,3206056
5,49565985,0.1,3,3206057
1,49566001,0.2,1,3206058
16,49567151,1,11,3206059
7,49567153,4,9,3206060
5,49567164,0.77,3,3206061
5,49567171,19.2,1,3206062
5,49567216,8,1,3206063
5,49568376,2.9,1,3206064
5,49568396,38.5,1,3206065
5,49568421,0.6,1,3206066
5,49568423,1.9,1,3206067
12,49569566,0.4,1,3206068
5,49552928,0.1,1,3206075
4,49552933,0.08,1,3206076
5,49552948,0.63,3,3206077
1,49554111,0.5,1,3206078
5,49554148,1,1,3206079
2,49555370,0.31,1,3206080
1,49555372,2.7,1,3206081
5,49555385,0.2,3,3206082
1,49556559,3.3,1,3206083
5,49557750,0.063,3,3206084
12,49563618,0.3,1,3206099
1,49564811,2.5,1,3206101
2,49564839,8.7,1,3206102
5,49568431,0.5,1,3206103
1,49568485,0.2,1,3206104
1,49570427,2,1,3206117
5,49570428,4,1,3206118
5,49570429,2.6,1,3206119
17,49570462,4.2,1,3206120
17,49570475,7,9,3206121
1,49554195,3.2,1,3206126
5,49554221,0.15,3,3206127
16,49554235,4.5,1,3206128
1,49555408,0.4,1,3206129
1,49555437,0.2,1,3206130
1,49555458,0.2,1,3206131
1,49555460,0.4,1,3206132
1,49556629,0.2,1,3206133
1,49556636,1.3,1,3206134
5,49556654,11,1,3206135
2,49557857,0.3,1,3206137
5,49557871,1.022,3,3206138
2,49559052,2,1,3206139
5,49559087,0.2,3,3206140
5,49559095,0.09,3,3206141
1,49559112,1.3,1,3206142
2,49560202,0.7,1,3206143
1,49560234,8.2,1,3206144
2,49560241,9,1,3206145
16,49564889,1,11,3206168
8,49564897,0,,3206169
5,49564913,10.7,1,3206170
2,49564919,3.9,1,3206171
12,49564939,0.5,1,3206172
5,49568539,0.7,3,3206178
5,49568550,0.11,3,3206179
2,49568558,0.4,1,3206180
5,49568579,2,1,3206181
5,49569775,0.105,3,3206182
1,49569778,1.8,1,3206183
1,49569779,0.2,1,3206184
5,49570478,5.4,1,3206185
17,49570483,7,9,3206186
5,49570484,3.8,1,3206187
5,49570503,50.5,1,3206188
1,49555522,4,1,3206208
1,49559121,0.2,1,3206211
5,49559124,0.028,3,3206212
1,49559179,2.5,1,3206213
5,49559183,0.05,3,3206214
5,49559184,50,1,3206215
5,49559188,0.74,3,3206216
5,49559189,173.8,1,3206217
1,49560257,0.5,1,3206218
16,49560285,1,9,3206219
1,49560291,2.8,1,3206220
5,49560295,0.141,3,3206221
1,49560324,0.8,1,3206222
1,49561435,0.3,1,3206223
1,49561441,0.3,1,3206224
1,49561444,0.4,1,3206225
1,48627708,28.8,1,3141053
5,48633746,5,4,3141078
2,48633752,0.2,1,3141079
5,48633753,17.05,3,3141080
1,48633755,0.2,1,3141081
1,48633779,0.3,1,3141179
5,48632774,0.172,3,3141258
5,49026409,1,3,3172211
5,49026411,3.4,1,3172212
16,49026415,175,1,3172213
8,49026426,3,1,3172214
16,49026428,48,1,3172215
5,49026431,12,1,3172216
5,49026432,0.229,3,3172217
5,49026453,18.8,1,3172218
11,49021559,2,9,3172263
5,49021568,4.6,1,3172264
2,49021593,0.001,1,3172265
5,49021601,109,4,3172266
5,49021617,11.5,1,3172267
5,49027721,0.05,3,3172301
5,49027741,0.07,3,3172302
16,49027742,15,9,3172303
16,49027744,25,5,3172304
5,49027747,20.3,1,3172305
5,49019309,59.5,1,3172428
1,49019310,0.3,1,3172429
5,49019319,1,1,3172430
5,49019322,10.89,3,3172431
8,49019329,22.1,1,3172432
5,49019330,0.8,1,3172433
5,49019334,0.06,3,3172434
5,49019336,5.2,1,3172435
5,49130574,0.12,3,3176897
8,49248787,0.4,1,3181360
5,49248794,0.025,3,3181361
5,49254823,0.245,3,3181393
2,49254824,0.2,1,3181394
5,49254850,0.37,3,3181395
5,49254855,0.034,3,3181396
5,49254869,0.045,3,3181397
16,49248906,11.5,1,3181444
8,49248930,1.7,1,3181445
5,49329989,0.25,3,3185793
9,49329992,0.195,3,3185794
5,49329995,0.165,3,3185795
5,49330004,0.08,3,3185796
12,49330005,0.2,1,3185797
12,49330010,0.2,1,3185798
5,49330012,0.22,3,3185799
5,49334514,0.925,3,3185871
5,49334534,0,,3185872
5,49334556,1,11,3185873
5,49334560,1,3,3185874
5,49334561,1,3,3185875
5,49334584,1.8,3,3185876
12,49338192,0.05,1,3185891
5,49338201,1,11,3185892
8,49323233,16,9,3185924
5,49323234,3,1,3185925
16,49323235,2,9,3185926
5,49323239,3,1,3185927
5,49323240,0.2,3,3185928
8,49323245,22.6,1,3185929
15,49323258,10.5,9,3185930
2,49323259,0,,3185931
1,49324386,0.2,1,3185941
5,49324388,2.5,1,3185942
5,49324392,2,1,3185943
2,49324397,0.01,1,3185944
8,49324398,1,9,3185945
12,49324399,1,1,3185946
5,49324404,19.5,1,3185947
5,49327833,53,1,3185988
1,49327845,6,1,3185989
5,49329026,2.8,1,3185995
5,49322394,5.8,1,3190174
5,49322395,2.4,1,3190175
1,49322399,0.07,1,3190176
5,49304435,0.52,3,3190177
5,49305671,0.12,3,3190180
5,49305687,0.11,3,3190181
8,49318653,2,9,3190269
1,49318656,0.2,1,3190270
5,49318666,58,1,3190271
5,49318673,3.5,1,3190272
8,49318680,1,9,3190273
8,49318681,7,9,3190274
8,49322426,1,1,3190290
2,49322452,0.2,1,3190291
5,49322470,8,1,3190292
5,49322480,1,1,3190293
8,49305722,8.5,9,3190299
2,49312935,0.08,1,3190373
5,49341654,1,3,3199032
5,49341655,0.07,3,3199033
5,49341656,0.19,3,3199034
5,49341657,1,3,3199035
5,49341659,0.05,3,3199036
5,49341662,179.43,1,3199037
12,49341668,0.16,1,3199038
5,49341680,0.05,3,3199039
5,49341686,9.4,1,3199040
5,49341694,1,11,3199041
5,49345300,0.1,3,3199057
8,49345301,12.82,1,3199058
5,49345305,0.04,3,3199059
5,49347755,1,1,3199066
1,49347761,0,,3199067
5,49347806,0.002,3,3199068
5,49348984,0.16,3,3199069
5,49348994,0.57,3,3199070
2,49349002,0.11,1,3199071
5,49349021,1,3,3199072
5,49349025,0.5,3,3199073
8,49349027,5.8,1,3199074
5,49341749,1,1,3199109
5,49341750,0.5,3,3199110
5,49341760,0.525,3,3199111
5,49341770,1.67,3,3199112
5,49347810,0.94,3,3199137
5,49347815,0.068,3,3199138
1,49347819,13.57,1,3199139
5,49347820,0.07,3,3199140
2,49347822,0.03,1,3199141
4,49347826,0.348,1,3199142
5,49347830,116,1,3199143
12,49347840,0.01,1,3199144
5,49347848,0.07,3,3199145
5,49347849,0.05,3,3199146
5,49349062,3,1,3199148
5,49349066,0,,3199149
5,49349070,0,,3199150
2,49349071,0,,3199151
5,49349072,0,,3199152
2,49349077,0,,3199153
12,49357605,94.7,1,3199178
12,49357607,2.8,1,3199179
12,49357608,1,1,3199180
12,49341780,0.52,1,3199198
5,49341786,0.21,3,3199199
5,49347909,1,3,3199215
16,49347926,1,9,3199216
12,49347927,1.65,1,3199217
5,49347932,0.35,3,3199218
5,49347936,0,,3199219
5,49347937,0,,3199220
5,49347942,0,,3199221
1,49347945,0,,3199222
5,49347947,0,,3199223
1,49463220,0.02,1,3203458
5,49463227,1,3,3203459
12,49463232,0.4,1,3203460
1,49463238,0.2,1,3203461
12,49463244,1.5,1,3203462
5,49465610,0.3,3,3203467
2,49465613,0.5,1,3203468
17,49465615,0,,3203469
1,49465620,0.1,1,3203470
5,49465621,9,1,3203471
2,49465623,1.4,1,3203472
15,49465631,6,9,3203473
1,49465636,0.2,1,3203474
2,49465650,0.01,1,3203475
12,49465651,4.4,1,3203476
5,49465657,0.2,3,3203477
5,49465668,0.2,3,3203478
8,49465675,2,9,3203479
1,49465680,13.8,1,3203480
2,49465682,10.1,1,3203481
5,49469316,0.1,3,3203487
5,49469323,0.1,3,3203488
2,49469324,0.5,1,3203489
5,49469331,0.3,3,3203490
5,49469332,2,3,3203491
5,49469338,0.25,3,3203492
5,49469352,14,1,3203493
5,49469356,3,1,3203494
5,49470526,0.263,3,3203498
2,49470557,0.5,1,3203499
5,49472864,4.9,1,3203504
5,49472868,0.46,3,3203505
16,49472926,21,9,3203506
5,49472936,2.3,1,3203507
12,49474859,0.01,1,3203516
5,49474878,0.035,3,3203517
17,49463249,0,,3203540
5,49463251,0.5,1,3203541
5,49463265,0.3,1,3203542
8,49463270,5,9,3203543
1,49463272,0.5,1,3203544
8,49463278,16,9,3203545
5,49463279,0.2,3,3203546
5,49463289,8.1,1,3203547
12,49463295,0.1,1,3203548
8,49463307,60,9,3203549
5,49465686,0.1,3,3203554
1,49465692,2.9,1,3203555
5,49465696,1.9,1,3203556
5,49465700,1.7,1,3203557
8,49465701,3,9,3203558
1,49465712,0.1,1,3203559
8,49465713,7.5,9,3203560
8,49465732,25,9,3203561
5,49466886,0.19,3,3203562
5,49466891,3.6,1,3203563
12,49468208,0.1,1,3203572
5,49468217,0.4,3,3203573
5,49468218,51.2,1,3203574
12,49468219,0.5,1,3203575
2,49469382,5.9,4,3203576
5,49469392,15.9,1,3203577
1,49470560,0.3,1,3203579
2,49470561,1,1,3203580
4,49470585,0.5,1,3203581
4,49470605,4.2,1,3203582
5,49470611,0.2,3,3203583
5,49470616,0.012,3,3203584
16,49470619,1.3,1,3203585
1,49470621,1.6,1,3203586
5,49471768,1,9,3203589
12,49471769,3.5,1,3203590
5,49471770,2,1,3203591
5,49471773,0.16,3,3203592
2,49471777,0.1,1,3203593
5,49471782,7,1,3203594
5,49471783,0.1,1,3203595
1,49471787,0.3,1,3203596
5,49471792,19.3,1,3203597
5,49471794,0.1,3,3203598
5,49471801,5.5,1,3203599
5,49471809,0.015,3,3203600
5,49472941,1,3,3203601
5,49472942,30.6,1,3203602
5,49472974,10.2,1,3203603
1,49459748,0.5,1,3203634
1,49459750,0.1,1,3203635
12,49459754,1,9,3203636
1,49459755,0.3,1,3203637
5,49459757,0.5,1,3203638
17,49463323,0,,3203650
2,49463330,0.4,1,3203651
1,49463357,0.25,1,3203652
5,49466978,1,1,3203657
5,49466992,0.07,3,3203658
12,49466994,1.5,1,3203659
5,49466998,0.1,3,3203660
17,49467000,0,,3203661
1,49467001,0.6,1,3203662
8,49467009,84,9,3203663
5,49468240,0.1,3,3203664
1,49468248,0.5,1,3203665
5,49468294,8,1,3203666
5,49470652,1.93,3,3203667
8,49471820,5,9,3203668
5,49471848,0.01,3,3203669
5,49471869,2.3,1,3203670
12,49474214,2.2,1,3203683
12,49474215,0.5,1,3203684
5,49474244,28.3,1,3203685
12,49474248,8,9,3203686
5,49474268,9.7,1,3203687
16,49474275,3.3,1,3203688
8,49474277,0,,3203689
5,49457364,0.6,1,3203701
1,49457365,0.1,1,3203702
1,49457383,0.6,1,3203703
1,49459761,0.1,1,3203710
8,49459763,13.5,9,3203711
2,49459777,0.01,1,3203712
8,49459787,2.5,9,3203713
15,49459788,1,9,3203714
12,49459791,2.1,1,3203715
5,49459793,0.07,3,3203716
1,49459801,0.1,1,3203717
1,49561448,42,1,3206226
4,49561451,3,1,3206227
5,49561463,92.8,1,3206228
12,49561466,1,1,3206229
5,49562546,0.19,3,3206230
1,49562551,0.2,1,3206231
8,49562567,115.4,1,3206232
2,49563790,34.6,1,3206234
1,49563801,0.7,1,3206235
5,49563806,2.5,1,3206236
17,49564955,0.6,1,3206237
12,49564967,0.5,1,3206238
12,49566215,0.7,1,3206239
5,49566219,4.5,1,3206240
2,49566236,0.5,1,3206241
5,49567418,1.3,1,3206242
12,49568592,1,1,3206243
12,49568593,3,1,3206244
2,49568610,0.2,1,3206245
5,49568614,0.075,3,3206246
4,49568631,0.3,1,3206247
1,49568649,0.6,1,3206248
2,49568651,0.5,1,3206249
12,49569823,0.03,1,3206250
1,49569824,0.2,1,3206251
5,49569852,2.35,3,3206252
12,49569857,3.5,1,3206253
12,49570605,2.4,1,3206254
5,49553179,1,9,3206255
2,49555607,0.2,1,3206260
2,49556772,1,1,3206261
4,49556773,1,11,3206262
12,49556804,4.103,1,3206263
5,49556814,0.144,3,3206264
5,49556819,0.55,3,3206265
8,49556824,2.3,1,3206266
5,49556832,0.282,3,3206267
2,48632807,0.75,1,3141353
5,48636294,370.66,3,3141367
5,48632924,28.56,3,3141442
1,48632935,0.1,1,3141443
5,48636313,1,3,3141452
1,48636331,0.7,1,3141453
1,48636333,9,1,3141454
1,48636352,0.2,1,3141455
5,48636356,0.5,3,3141456
5,48637570,0.22,3,3141457
1,48637581,0.4,1,3141458
16,48637594,0.35,1,3141459
5,48632983,0.01,3,3141520
5,48632984,0.1,3,3141521
2,48632987,0.4,1,3141522
1,48632996,0.1,1,3141523
1,48633010,0.2,1,3141524
5,49019372,0.03,3,3172512
5,49019373,0.22,3,3172513
5,49019375,5.6,1,3172514
5,49019376,2.2,1,3172515
8,49019382,350.5,1,3172516
5,49019383,0.1,3,3172517
1,49019390,0.1,1,3172518
1,49019400,1.1,1,3172519
16,49023010,0.3,1,3172530
1,49023015,38.7,1,3172531
5,49023018,0.071,3,3172532
5,49023020,1.11,3,3172533
1,49025454,1,1,3172542
5,49030395,0.33,3,3172559
1,49030404,0.3,1,3172560
1,49030417,26.7,1,3172561
5,49030432,12.5,1,3172562
5,49031652,0.13,1,3172568
5,49031663,8.7,1,3172569
1,49030437,0.1,1,3172647
5,49031673,1.8,1,3172648
10,49031676,6,1,3172649
1,49031677,0.02,1,3172650
8,49031678,17.7,1,3172651
5,49031690,0.233,3,3172652
5,49031692,13.5,1,3172653
5,49031693,0.051,3,3172654
5,49031696,15,1,3172655
5,49031716,1,1,3172656
8,49031732,28.6,1,3172657
12,49137853,8.2,1,3176912
5,49137871,0.04,1,3176913
1,49140352,4.5,1,3176920
5,49140356,0.04,3,3176921
1,49140360,0.1,1,3176922
12,49146501,1,1,3176945
1,49146515,4.4,1,3176946
2,49146520,1.2,1,3176947
5,49146544,0.065,3,3176948
8,49130607,0.3,1,3176954
5,49130622,0.37,3,3176955
5,49130639,0.86,3,3176956
2,49131885,3,1,3176964
1,49137927,0.1,1,3176992
1,49140417,0.5,1,3177002
2,49140431,0.1,1,3177003
12,49140454,0.07,1,3177056
5,49140459,0.075,3,3177057
2,49136916,0.4,1,3177099
12,49136922,0.9,1,3177100
17,49145524,0,,3177125
8,49145525,5.5,1,3177126
5,49145548,0.2,3,3177127
5,49145557,0.44,3,3177128
5,49145558,0.13,3,3177129
5,49145612,0.45,3,3177184
1,49145637,2,1,3177185
12,49334631,0.1,1,3186064
5,49334657,0.14,3,3186065
5,49334658,1,3,3186066
5,49338213,1,11,3186088
5,49338217,1,3,3186089
5,49323292,1.5,1,3186101
5,49323309,0.025,3,3186102
1,49324406,0.01,1,3186103
5,49324414,1.8,3,3186104
15,49324415,6,9,3186105
5,49324425,1.5,1,3186106
5,49324428,6.9,1,3186107
1,49324432,0.1,1,3186108
2,49324437,0.9,1,3186109
5,49324441,1,1,3186110
1,49324454,3.5,1,3186111
16,49324470,154,9,3186112
5,49324471,7,1,3186113
5,49327862,2,1,3186158
5,49327871,1,3,3186159
15,49327892,5,9,3186160
14,49329055,1.5,9,3186162
5,49329064,122.8,1,3186163
5,49329068,8.5,4,3186164
5,49329078,0.5,3,3186165
1,49329087,14,1,3186166
5,49329101,4,1,3186167
8,49332347,5.51,1,3186204
5,49332365,45,1,3186205
5,49332368,2,1,3186206
5,49332373,5,1,3186207
12,49335919,0.2,1,3186224
5,49323342,0.67,3,3186239
8,49312972,1,9,3190517
5,49315390,0.19,3,3190538
8,49317654,0.16,1,3190584
10,49317671,16.66,1,3190585
5,49317677,0.029,3,3190586
2,49304731,3.2,1,3190652
5,49305940,0.01,3,3190655
2,49308339,0.3,1,3190665
5,49308348,47.4,1,3190666
5,49309463,0.1,3,3190672
5,49309484,3.97,3,3190673
5,49309505,0.31,3,3190674
12,49314175,33.45,1,3190717
5,49314176,7.28,1,3190718
5,49315468,0.41,3,3190720
5,49347972,0.025,3,3199306
5,49347973,0.5,3,3199307
5,49343210,0.26,3,3199372
5,49343222,0,,3199432
5,49343223,3,1,3199433
5,49343227,0,,3199434
5,49343245,0,,3199435
2,49343246,0,,3199436
16,49343247,0,,3199437
5,49343252,0,,3199438
5,49343254,0,,3199439
2,49343256,0.18,1,3199440
5,49343261,0.2,3,3199441
5,49343262,0.03,3,3199442
5,49343268,0.105,3,3199443
5,49343270,0.188,3,3199444
8,49344466,0.5,9,3199446
5,49345730,0.62,3,3199451
12,49348124,10.15,1,3199457
5,49356748,1,1,3199473
16,49356749,1,11,3199474
12,49356750,85.1,1,3199475
16,49356751,1,11,3199476
2,49356752,29.4,1,3199477
16,49356753,1,11,3199478
12,49356754,0.3,1,3199479
5,49356755,9.2,1,3199480
5,49356756,7.7,1,3199481
5,49345752,1,3,3199525
12,49345755,8,1,3199526
5,49345779,0.27,3,3199527
5,49345791,0.04,3,3199528
5,49351931,0.09,3,3199547
5,49465873,0.2,1,3203737
5,49465874,4.1,1,3203738
1,49465875,0.1,1,3203739
2,49465876,0.2,1,3203740
1,49465879,0.4,1,3203741
8,49465880,133,9,3203742
5,49465881,0.2,3,3203743
5,49465896,7.2,1,3203744
5,49465897,0.4,3,3203745
12,49468320,0.5,1,3203748
12,49468338,1,1,3203749
2,49468375,1.2,1,3203752
8,49468380,60,9,3203753
5,49469588,10.1,3,3203754
16,49469590,0,,3203755
5,49470725,0.9,1,3203756
12,49470728,0.08,1,3203757
2,49470743,0.1,1,3203758
1,49470754,0.2,1,3203759
1,49470768,0.5,1,3203760
11,49471924,2.5,1,3203761
5,49471959,3,1,3203762
1,49474298,2.2,1,3203772
1,49474306,0.7,1,3203773
5,49474312,2.5,1,3203774
5,49474314,0.37,3,3203775
1,49474334,3,1,3203776
1,49457393,0.6,1,3203789
8,49457408,1057,9,3203790
1,49457421,0.1,1,3203791
1,49457437,5.1,1,3203792
1,49457445,0.001,1,3203793
5,49457447,3.5,3,3203794
1,49457453,6.3,1,3203795
5,49459838,0.1,3,3203798
1,49459857,0.4,1,3203799
1,49459858,0.1,1,3203800
5,49459869,0.1,3,3203801
5,49459870,0.1,3,3203802
17,49459875,0,,3203803
1,49459878,3.2,1,3203804
5,49463500,0.2,3,3203824
5,49463501,0.1,3,3203825
1,49463515,0.1,1,3203826
2,49463520,0.1,1,3203827
1,49464742,0.2,1,3203831
1,49464755,0.6,1,3203832
5,49465919,27.5,1,3203833
8,49465922,30,9,3203834
5,49465929,1.5,1,3203835
2,49465935,0.6,1,3203836
8,49465937,1,9,3203837
8,49465943,53.5,9,3203838
5,49465948,0.4,3,3203839
5,49465957,16.2,3,3203840
5,49467184,0.4,3,3203841
2,49468421,25,1,3203842
5,49469597,11,1,3203843
5,49469599,4,1,3203844
5,49469623,2.7,1,3203845
5,49469630,6.6,1,3203846
17,49469638,1,11,3203847
1,49472002,1.2,1,3203849
5,49472017,1,1,3203850
5,49472018,2,1,3203851
5,49462346,0.1,3,3203898
1,49462369,11.5,1,3203899
5,49462371,2,1,3203900
5,49462372,0.1,3,3203901
5,49462389,4,1,3203902
5,49462391,0.67,3,3203903
5,49465995,1,9,3203911
5,49466027,1.5,1,3203912
1,49466032,0.01,1,3203913
15,49466038,1,9,3203914
1,49466051,0.4,1,3203915
12,49467188,0.2,1,3203916
5,49473244,1,3,3203940
5,49473247,1,11,3203941
8,49473269,14,9,3203942
2,49473274,0.2,1,3203943
5,49473276,6.5,1,3203944
5,49473282,6.4,1,3203945
12,49473302,3.6,1,3203946
12,49474469,1.2,1,3203951
17,49474470,11.5,9,3203952
12,49474485,0.4,1,3203953
5,49475180,11.2,1,3203954
1,49475186,0.9,1,3203955
1,49475210,16,1,3203956
5,49475219,7,1,3203957
17,49475220,0,,3203958
16,49475221,0.1,1,3203959
5,49475239,0.141,3,3203960
1,49475240,0.02,1,3203961
1,49458820,0.5,1,3203966
8,49460031,7,9,3203973
8,49460033,4,9,3203974
1,49460035,0.1,1,3203975
5,49460053,0.6,1,3203976
17,49460065,0,,3203977
8,49462437,22.5,1,3203981
1,49466055,0.2,1,3203991
1,49466056,0.4,1,3203992
1,49466057,0.2,1,3203993
15,49466060,10,9,3203994
1,49466071,0.4,1,3203995
5,49466084,2,1,3203996
1,49466096,0.1,1,3203997
1,49466101,0.1,1,3203998
1,49466106,0.5,1,3203999
1,49466107,0.5,1,3204000
1,49466108,0.2,1,3204001
5,49466112,0.36,3,3204002
1,49466113,0.5,1,3204003
2,49466117,1,1,3204004
1,49466128,0.2,1,3204005
2,49467268,2.6,1,3204006
5,49467312,8,1,3204007
12,48633016,2,1,3141592
5,48633019,16,1,3141593
1,48633024,0.5,1,3141594
17,48635327,0,,3141602
5,48635328,0.06,3,3141603
1,48635338,3.2,1,3141604
1,48635359,0.728,1,3141605
5,48635364,1,3,3141606
17,48635368,1.2,1,3141607
2,48635369,0.5,1,3141608
16,48635370,0.3,1,3141609
1,48635392,0.6,1,3141610
2,48627042,1.1,1,3141655
5,48627047,5.3,1,3141656
5,48627051,0.026,3,3141657
5,48627053,0.16,3,3141658
5,48627087,0.12,3,3141659
5,48631876,0.091,3,3141682
2,48631879,21.5,1,3141683
8,48635432,8.4,1,3141704
1,48627132,0.5,1,3141745
5,48633187,0.1,3,3141767
1,48627186,4.9,1,3141811
5,48627195,0.1,3,3141812
5,48627197,0.042,3,3141813
1,48627202,0.6,1,3141814
12,48627217,4,1,3141815
12,48628435,1.7,1,3141820
12,48628452,4.2,1,3141821
2,48632019,0.06,1,3141836
5,49031745,17,3,3172762
1,49031754,1.5,1,3172763
5,49031761,1.5,3,3172764
5,49031762,6,1,3172765
5,49031763,1.4,1,3172766
16,49018361,3,9,3172785
5,49018364,2,10,3172786
5,49018424,0.2,3,3172787
2,49025666,2.5,1,3172821
5,49025708,1.2,3,3172822
8,49028210,2,9,3172829
5,49022084,15,1,3172876
4,49028245,4.8,1,3172895
5,49028265,26.7,1,3172896
5,49028269,1.037,3,3172897
1,49028277,0.5,1,3172898
10,49028279,0.6,1,3172899
5,49028281,8.4,1,3172900
5,49028287,0.12,3,3172901
5,49028288,1.1,1,3172902
5,49022149,4.214,3,3172950
10,49022165,7.1,1,3172951
5,49022167,3.8,1,3172952
5,49025836,0.3,1,3172968
1,49029533,0.9,1,3172984
5,49029551,6,1,3172985
5,49030760,0.5,1,3172997
2,49030769,0.7,1,3172998
5,49030770,22,1,3172999
1,49030802,0.1,1,3173000
5,49030805,5,1,3173001
5,49132184,0.04,3,3177193
5,49145645,3.43,3,3177255
5,49145647,0.195,3,3177256
5,49132241,0.055,3,3177276
5,49132249,0.95,3,3177277
1,49132262,0.01,1,3177278
5,49132298,16.035,3,3177338
8,49132313,2.5,1,3177339
5,49139631,0.02,3,3177375
1,49139678,1.5,1,3177376
16,49144649,0.5,1,3177394
5,49133581,0.025,3,3177420
8,49133588,0.09,3,3177421
8,49133601,6.4,1,3177422
5,49133603,0.5,3,3177423
5,49133631,0.13,3,3177424
5,49139688,0.275,3,3177446
8,49139754,0.1,1,3177447
12,49144650,0.01,3,3177461
1,49144651,1,9,3177462
1,49144652,0.1,1,3177463
5,49144655,0.45,3,3177464
1,49144668,0.01,1,3177465
5,49329139,1,11,3186357
1,49330236,0.001,1,3186381
5,49330241,0.02,1,3186382
5,49335930,1,3,3186470
5,49335937,0.21,3,3186471
5,49335949,9.6,1,3186472
5,49337153,8,1,3186474
5,49337193,0.24,3,3186475
14,49337195,1,11,3186476
5,49337204,0.145,3,3186477
5,49338427,0.42,3,3186485
16,49339637,4,9,3186489
1,49315473,0.001,1,3190721
15,49317704,2.26,1,3190733
12,49317720,1,11,3190734
5,49317723,1.18,3,3190735
15,49317724,0.71,1,3190736
5,49317741,8.1,1,3190737
5,49317744,16,1,3190738
16,49317746,5.41,1,3190739
1,49317750,0.2,1,3190740
5,49321867,0.429,3,3190805
12,49321886,1.04,1,3190806
8,49321891,1,9,3190807
2,49321899,0.53,1,3190808
5,49321906,0.069,3,3190809
5,49321910,30.08,1,3190810
5,49321911,5.94,1,3190811
5,49321915,28.43,1,3190812
5,49321918,0.15,3,3190813
2,49321926,0.67,1,3190814
2,49321929,0.83,1,3190815
5,49321932,3.85,1,3190816
5,49304735,0.13,3,3190817
5,49305965,0.395,3,3190822
2,49308382,0.53,1,3190834
2,49308383,1.02,1,3190835
5,49308389,0.52,1,3190836
5,49308403,0.189,3,3190837
5,49308417,16.61,1,3190838
5,49308419,1.216,3,3190839
5,49308428,2.11,3,3190840
5,49308435,15.8,1,3190841
5,49313116,0.3,1,3190892
15,49313131,1,9,3190893
15,49313133,1.5,9,3190894
5,49313134,1.3,1,3190895
5,49313135,1.6,1,3190896
1,49313136,55.2,1,3190897
15,49313141,1,9,3190898
2,49313142,0.1,1,3190899
15,49313143,2,9,3190900
15,49313144,2.5,9,3190901
15,49313146,5,9,3190902
2,49313152,2.1,1,3190903
16,49313153,6,9,3190904
5,49315534,0.12,3,3190913
2,49315545,0.9,1,3190914
5,49320141,8.8,3,3190947
5,49320143,0.051,3,3190948
5,49320144,0.17,3,3190949
8,49321944,4.89,1,3190978
5,49321945,7.06,1,3190979
5,49321952,4.24,1,3190980
5,49321958,2.76,1,3190981
2,49321963,2.3,1,3190982
5,49321964,1.6,1,3190983
5,49321966,19.2,1,3190984
2,49321968,2.5,1,3190985
12,49321969,0.1,1,3190986
1,49321970,0.1,1,3190987
5,49321971,1.3,1,3190988
15,49321976,1,9,3190989
5,49306054,0.26,3,3190992
5,49306083,0.07,3,3190993
5,49480355,0.2,3,3195258
5,49475793,0.25,3,3195416
1,49475828,0.2,1,3195417
5,49342207,1,3,3199585
12,49345878,0.52,1,3199599
2,49351934,955,1,3199622
12,49351937,16.54,1,3199623
5,49351939,0.155,3,3199624
5,49351942,0.28,3,3199625
12,49351950,0.44,1,3199626
5,49351951,0.15,3,3199627
5,49351966,0.75,3,3199628
12,49351984,0.25,1,3199629
5,49351991,0.25,3,3199630
5,49351992,0.25,3,3199631
5,49351995,0.25,3,3199632
5,49351999,6,10,3199633
12,49342259,0.8,1,3199675
5,49342266,0.01,3,3199676
5,49343475,0,,3199679
12,49343509,0.14,1,3199680
1,49343515,0.1,1,3199681
8,49345893,1,11,3199689
5,49345895,0.25,3,3199690
5,49345897,0.14,3,3199691
12,49345903,0.01,1,3199692
12,49345905,0.39,1,3199693
16,49345906,2,9,3199694
12,49345922,0.17,1,3199695
5,49345936,0.08,3,3199696
5,49342313,73,1,3199758
12,49342338,1.26,1,3199759
5,49342342,0.25,3,3199760
5,49343525,0.137,3,3199764
5,49343530,0.3,3,3199765
2,49343531,0.19,1,3199766
5,49343539,0.225,3,3199767
5,49343540,0.335,3,3199768
15,49343550,10.81,1,3199769
16,49343554,105.5,9,3199770
16,49343555,50,9,3199771
15,49343559,0.26,1,3199772
5,49343562,0.4,3,3199773
5,49343565,0.05,3,3199774
5,49343566,0.105,3,3199775
5,49343586,0.15,3,3199776
5,49343588,0.05,3,3199777
8,49343589,0.4,1,3199778
5,49344758,1,11,3199780
5,49344789,1,3,3199781
5,49344790,1,11,3199782
5,49344804,1,11,3199783
1,49454141,5.1,1,3199831
2,49454161,2.8,1,3199832
12,49454166,1,1,3199833
8,49454172,28,9,3199834
5,49454183,1,1,3199835
1,49454184,0.2,1,3199836
2,49454185,1.7,1,3199837
1,49454190,0.9,1,3199838
15,49454192,1,9,3199839
1,49454193,0.1,1,3199840
2,49467332,21.2,1,3204008
16,49467335,5,9,3204009
1,49470938,0.2,1,3204018
1,49470941,0.3,1,3204019
16,49470989,0.02,1,3204020
1,49472177,0.4,1,3204029
2,49473309,4,1,3204030
5,49473338,1,3,3204031
5,49473360,82.5,1,3204032
5,49474507,7,1,3204034
16,49474519,8.2,1,3204035
15,49458847,49,9,3204047
15,49458859,41,9,3204048
5,49458867,0.1,3,3204049
5,49458870,0.5,1,3204050
1,49458878,0.1,1,3204051
5,49458879,0.4,1,3204052
1,49458897,0.4,1,3204053
5,49460077,0.1,3,3204055
1,49460080,6.3,1,3204056
1,49460081,0.1,1,3204057
5,49460095,0.1,3,3204058
5,49460101,5.6,1,3204059
17,49460103,0,,3204060
10,49460104,65,1,3204061
1,49460108,0.2,1,3204062
1,49460111,0.1,1,3204063
15,49460122,1,9,3204064
15,49460126,1,9,3204065
1,49462527,0.4,1,3204072
15,49462542,93,9,3204073
5,49462544,0.3,3,3204074
2,49462553,2,1,3204075
5,49462562,11,1,3204076
1,49462565,0.01,1,3204077
5,49466130,0.6,3,3204083
2,49466134,2.5,1,3204084
5,49467357,1.2,1,3204085
5,49467361,8.3,1,3204086
5,49467363,0.5,3,3204087
5,49467364,0.25,3,3204088
16,49467373,3.4,1,3204089
2,49467391,0.5,1,3204090
5,49435268,0.69,3,3204224
12,48636702,28.01,1,3141859
5,48636714,0.75,3,3141860
1,48627253,0.5,1,3141885
1,48627276,8,1,3141886
4,48628458,16.2,1,3141889
2,48628461,0.69,1,3141890
5,48628467,0.141,3,3141891
5,48628469,7,1,3141892
2,48629684,0.8,1,3141894
5,48629695,0.07,3,3141895
5,48629709,0.12,3,3141896
2,48629720,0.5,1,3141897
2,48636819,0.05,1,3141925
1,48636823,1.3,1,3141926
5,48636839,3.72,3,3141927
5,48628578,0.78,3,3141965
5,48628591,2.4,1,3141966
1,48629768,0.5,1,3141967
2,48629776,3.8,1,3141968
5,48628612,5.6,1,3142047
1,48628613,0.2,1,3142048
5,48628642,0.088,3,3142049
5,48628644,2.29,3,3142050
5,48632296,3,1,3142072
5,48632308,6.6,3,3142073
1,48599462,1,1,3142095
1,48599503,0.8,1,3142096
12,48599506,1459,1,3142097
2,48599518,0.85,1,3142098
5,49090024,15.3,1,3173068
5,49090026,1,1,3173069
5,49090027,0.35,1,3173070
5,49090034,0.28,3,3173071
16,49090047,1,9,3173072
5,49090060,0.052,3,3173073
8,49090062,44,1,3173074
5,49090063,0.1,3,3173075
5,49074278,505.9,1,3173093
1,49074298,0.2,1,3173094
16,49077931,12.5,1,3173110
5,49077935,51.6,1,3173111
1,49077953,0.1,1,3173112
5,49077972,15.9,1,3173113
2,49079162,11.4,1,3173117
1,49090070,0.3,1,3173154
1,49090095,0.2,1,3173155
1,49090096,0.6,1,3173156
5,49090102,0.7,3,3173157
4,49090115,0.1,1,3173158
5,49090136,1,1,3173159
5,49077990,0.1,3,3173174
5,49077994,15,1,3173175
5,49078010,11,1,3173176
1,49078031,0.1,1,3173177
5,49078038,4.4,1,3173178
5,49079197,0.01,3,3173179
1,49079205,0.1,1,3173180
5,49090146,0.5,1,3173231
17,49131269,0,,3177475
5,49131275,0.52,3,3177476
5,49131276,4.075,3,3177477
5,49133643,0.265,3,3177483
4,49133659,0.03,1,3177484
5,49133662,0.465,3,3177485
12,49131282,0.7,1,3177525
1,49131283,0.9,1,3177526
1,49131332,0.3,1,3177527
15,49133754,3.6,1,3177540
5,49133755,0.155,3,3177541
1,49133757,2.8,1,3177542
5,49133778,0.275,3,3177543
1,49132635,0.1,1,3177592
5,49138713,0.04,3,3177621
8,49138714,1.8,1,3177622
16,49138719,2.8,1,3177623
2,49138723,0.1,1,3177624
5,49138726,0.395,3,3177625
5,49138734,0.19,3,3177626
5,49138735,0.045,3,3177627
5,49138745,0.145,3,3177628
5,49138746,0.2,3,3177629
5,49138748,0.185,3,3177630
5,49138751,0.09,3,3177631
5,49139914,0.235,3,3177632
5,49139934,0.04,3,3177633
5,49139936,0.045,3,3177634
1,49139959,0.1,1,3177635
2,49139981,0.2,1,3177636
8,49131498,1.5,1,3177663
5,49132708,0.275,3,3177664
12,49138804,11.2,1,3177681
5,49138819,0.305,3,3177682
5,49138823,0.345,3,3177683
16,49138828,2.9,1,3177684
5,49138830,0.14,3,3177685
1,49138832,0.1,1,3177686
5,49139991,0.245,3,3177687
1,49140003,0.1,1,3177688
8,49140013,0.8,1,3177689
5,49140017,0.035,3,3177690
5,49131524,0.32,3,3177731
1,49131541,1.5,1,3177732
1,49131544,1.3,1,3177733
5,49131560,0.085,3,3177734
5,49131568,0.575,3,3177735
12,49131575,0.3,1,3177736
5,49132754,0.1,3,3177737
5,49132799,4.6,3,3177738
5,49240618,0.23,3,3182187
5,49240633,0.04,1,3182188
5,49240641,0.415,3,3182189
1,49240652,0.2,1,3182190
5,49241792,0.45,3,3182191
5,49240682,0.195,3,3182252
1,49240700,0.01,1,3182253
5,49242014,0.035,3,3182365
16,49246144,5.8,1,3182383
2,49246159,0.2,1,3182384
1,49246168,0.3,1,3182385
5,49246202,0.14,3,3182386
1,49330272,0.001,1,3186646
2,49331374,0.01,1,3186672
5,49331393,8.1,1,3186673
2,49331394,3.6,1,3186674
8,49333685,0,,3186691
12,49333692,0.05,1,3186692
5,49333700,1,11,3186693
17,49333705,1,11,3186694
5,49333709,1,3,3186695
16,49336016,80,9,3186699
5,49336030,1,3,3186700
16,49336033,0,,3186701
5,49337215,0.12,3,3186725
5,49337222,0.44,3,3186726
5,49337252,2.5,1,3186727
5,49337260,2.4,1,3186728
5,49338437,0.01,3,3186729
2,49338447,0.25,1,3186730
8,49338448,1,3,3186731
8,49338451,1,9,3186732
16,49338458,3,9,3186733
5,49338459,0.25,3,3186734
5,49338460,0.24,3,3186735
5,49339648,1.27,3,3186737
5,49323547,0.1,1,3186751
5,49323549,5.9,3,3186752
5,49323553,18.6,1,3186753
5,49323554,1.3,1,3186754
5,49323557,4.4,1,3186755
2,49325797,0.01,1,3186761
5,49325799,25.1,3,3186762
5,49325800,3.8,1,3186763
8,49325801,3,9,3186764
1,49325802,0.3,1,3186765
2,49325803,0.1,1,3186766
8,49325809,0.4,1,3186767
5,49325821,0.3,1,3186768
5,49325823,2,1,3186769
5,49325830,9.7,1,3186770
2,49325837,0.4,1,3186771
5,49325838,6.1,1,3186772
1,49325853,0.01,1,3186773
8,49325858,13,9,3186774
2,49325859,0.4,1,3186775
1,49329260,2.1,1,3186811
12,49329274,0.01,1,3186812
5,49329287,0.5,1,3186813
5,49329292,1,1,3186814
5,49329299,14.1,1,3186815
5,49329305,24.3,1,3186816
5,49329306,15.8,1,3186817
5,49329312,2.6,1,3186818
2,49330352,0.3,1,3186819
16,49330389,21,9,3186820
15,49331442,3,9,3186821
5,49331448,235,1,3186822
5,49331475,2.3,1,3186823
5,49307305,0.1,3,3191003
5,49308460,4.64,1,3191004
5,49308510,2,10,3191022
5,49310843,0.6,1,3191030
15,49313159,1.5,9,3191041
5,49313160,0.01,1,3191042
5,49313161,5.6,1,3191043
12,49313163,1.6,1,3191044
5,49313164,2,1,3191045
5,49315555,0.09,3,3191070
5,49315559,0.84,3,3191071
5,49315595,2.02,3,3191072
5,49315598,0.06,3,3191073
5,49315621,3.9,1,3191074
2,49317881,0.01,1,3191112
5,49320150,0.05,3,3191146
5,49320162,2.19,1,3191147
5,49320182,0.43,1,3191148
5,49320197,0.61,3,3191149
5,49320211,3.5,4,3191150
5,49320218,0.32,4,3191151
5,49306127,0.425,3,3191205
15,49306177,8,9,3191206
12,49306182,1.1,1,3191207
8,49307320,1,9,3191208
2,49307323,1,11,3191209
1,49307337,1,9,3191210
8,49307374,24,9,3191211
5,49307390,0.35,3,3191212
5,49308518,0.08,3,3191213
5,49308520,0.9,3,3191214
1,49308526,0.4,1,3191215
2,49308528,2.6,1,3191216
8,49308566,9,9,3191217
15,49308581,5,9,3191218
5,49310886,0.35,3,3191221
2,49310896,0.5,1,3191222
5,49310931,0.22,3,3191223
2,49310932,0.01,1,3191224
5,49313256,4.56,1,3191255
15,49313257,1.26,1,3191256
5,49313264,0.13,3,3191257
15,49313275,0.45,1,3191258
5,49313276,0.081,3,3191259
5,49479333,2.1,3,3195440
2,49479360,0.4,1,3195441
1,49479371,1.5,1,3195575
1,49479408,11.2,1,3195576
4,49479416,12.52,1,3195577
5,49479424,0.6,3,3195578
5,49444756,10,1,3199881
1,49444758,1.1,1,3199882
2,49444759,1,1,3199883
12,49444776,0.4,1,3199884
1,49445876,0.1,1,3199886
1,49445877,0.5,1,3199887
1,49445899,0.1,1,3199888
15,49445900,1,9,3199889
5,49445907,0.17,3,3199890
1,49448256,0.1,1,3199894
1,49448260,132,1,3199895
1,49448262,21,1,3199896
5,49454202,0.1,3,3199913
1,49440080,2.1,1,3199922
5,49440082,0.5,1,3199923
17,49440093,0,,3199924
5,49440094,0.1,3,3199925
1,49440098,1.9,1,3199926
5,49440110,27,1,3199927
5,49444786,0.2,3,3199940
5,49444790,8,1,3199941
1,49444803,0.01,1,3199942
1,49444832,0.1,1,3199943
5,49444836,0.6,3,3199944
1,49444848,0.4,1,3199945
1,49444852,0.2,1,3199946
17,49444857,0,,3199947
8,49445914,33,9,3199948
5,49445927,1.1,1,3199949
5,49445952,0.06,1,3199950
5,49445958,0.2,1,3199951
5,49445963,0.7,3,3199952
1,49445968,0.1,1,3199953
5,49445985,0.2,3,3199954
8,49448275,16,9,3199966
1,49448281,11,1,3199967
2,49448287,2.4,1,3199968
5,49448296,0.2,3,3199969
12,49448303,1,1,3199970
8,49448307,2.5,9,3199971
17,49448310,0,,3199972
1,49448313,3.5,1,3199973
8,49448314,1,9,3199974
12,49448318,10,1,3199975
5,49448319,3.5,1,3199976
12,49448326,19,9,3199977
1,49448343,1,1,3199978
17,49451931,0,,3199993
17,49454278,0,,3199998
17,49454279,0,,3199999
15,49454280,2,9,3200000
5,49454292,2.8,3,3200001
1,49454304,0.2,1,3200002
5,49454310,0.5,1,3200003
1,49454317,0.3,1,3200004
12,49454324,0.8,1,3200005
5,49454325,0.8,3,3200006
1,49440127,0.1,1,3200023
5,49440128,1.7,1,3200024
1,49440129,0.1,1,3200025
1,49440131,0.1,1,3200026
16,49440136,2,9,3200027
1,49440137,0.2,1,3200028
16,49440140,4.5,9,3200029
16,49440145,1,9,3200030
15,49440171,131,9,3200031
1,49440174,0.5,1,3200032
5,49440183,1.9,1,3200033
2,49440185,13,1,3200034
12,49442550,1,1,3200038
5,49442551,1,3,3200039
5,49442552,1,3,3200040
1,49444864,1.1,1,3200048
5,49444869,0.1,3,3200049
5,49448349,1,1,3200064
5,49448351,9,1,3200065
5,49448368,1,1,3200066
17,49451967,0,,3200077
1,49451969,2,1,3200078
5,49451971,0.1,3,3200079
5,49451982,10,1,3200080
17,49451984,0,,3200081
5,49451996,0.1,3,3200082
2,49453187,0.4,1,3200084
4,49453189,2.5,1,3200085
5,49453193,1.3,3,3200086
1,49453194,0.5,1,3200087
5,49453195,1.2,1,3200088
5,49453197,22,1,3200089
5,49453198,15,3,3200090
15,49453202,2,9,3200091
15,49453214,2,9,3200092
12,49453219,0.05,1,3200093
12,49435282,5.4,1,3204338
5,49435288,3,3,3204339
5,49435303,1.66,3,3204340
12,49435318,2,1,3204341
2,49435379,4,1,3204414
5,49549774,0.08,3,3207240
5,49549776,0.25,3,3207241
16,49550938,32,3,3207242
1,49550941,1,11,3207243
12,49550943,0.05,1,3207244
5,49541332,0.014,3,3207276
5,49546203,0.01,3,3207281
1,49546219,0.1,1,3207282
16,49546244,0.1,1,3207283
12,49546254,0.5,1,3207284
12,49551026,9.9,1,3207298
1,48599528,1.1,1,3142187
2,48599547,2.2,1,3142188
16,48603217,7.7,1,3142332
16,48603222,1,1,3142333
1,48603234,0.1,1,3142334
1,48603245,4,1,3142335
5,48603246,0.05,3,3142336
4,48603254,2.01,1,3142337
4,48606289,0.4,1,3142344
5,49013541,2.7,1,3168938
5,49013542,0.2,1,3168939
1,49075741,0.2,1,3173345
5,49075753,0.05,3,3173346
5,49075765,2.141,3,3173347
4,49078194,0.1,1,3173360
5,49089139,1.9,3,3173402
16,49089153,2,1,3173403
8,49089156,69.4,1,3173404
4,49089157,0.1,1,3173405
5,49078209,0.1,3,3173439
5,49078211,3.14,3,3173440
5,49078229,0.1,1,3173441
5,49078248,2.8,1,3173442
5,49078263,0.02,3,3173443
5,49089164,3,1,3173489
5,49089167,0.155,3,3173490
5,49089168,2.8,1,3173491
1,49089171,0.3,1,3173492
2,49089178,1.5,1,3173493
1,49089180,1.9,1,3173494
1,49089182,0.012,1,3173495
5,49089188,20,1,3173496
5,49078274,0.78,3,3173538
12,49078275,0.2,1,3173539
5,49078287,1,1,3173540
5,49078288,0.935,3,3173541
16,49078306,1.4,9,3173542
5,49141323,4.3,1,3177767
5,49141341,0.38,3,3177768
1,49141344,0.9,1,3177769
16,49141348,19,1,3177770
5,49141349,0.075,3,3177771
12,49141358,0.5,1,3177772
5,49131597,0.12,3,3177806
5,49132814,0.43,3,3177809
8,49132820,7.8,1,3177810
1,49132830,2.9,1,3177811
5,49132851,0.075,3,3177812
5,49132863,0.07,3,3177813
5,49132873,0.04,3,3177814
1,49132874,0.1,1,3177815
5,49138959,0.445,3,3177840
1,49138971,2.2,1,3177841
5,49138979,1.05,3,3177842
16,49141381,0.5,1,3177844
5,49141385,0.085,3,3177845
2,49141404,0.06,1,3177846
12,49141418,6,1,3177847
5,49141419,0.1,3,3177848
1,49137825,0.2,1,3177906
5,49137839,0.05,3,3177907
8,49137847,0.8,1,3177908
8,49138999,0.6,1,3177909
4,52134993,0.2,1,3505990
5,52122937,0.005,1,3505992
5,52128980,1,3,3505999
4,52262234,1.73,1,3506029
17,52269599,53,9,3506062
8,52273246,5.5,9,3506063
17,52266162,0.1,1,3506084
16,52267421,0.34,1,3506085
12,52266256,3.7,1,3506090
13,52272324,1,9,3506093
8,52260417,4,1,3506094
16,52272390,6,9,3506100
8,52273645,0.38,1,3506101
2,52268847,0.85,1,3506105
5,52261775,0.223,3,3506113
17,52268907,0.75,1,3506115
5,52273979,0.4,1,3506134
16,52273980,2,9,3506135
5,52241823,0.374,3,3506260
16,50414961,6,9,3519541
16,50417564,35,9,3519545
8,50414338,5.9,1,3519549
16,50406154,6,9,3519551
17,50115036,1.5,1,3493079
12,52253536,1.2,1,3506338
16,52208857,101,9,3506372
8,52208870,0.24,1,3506373
2,52201662,0.7,1,3506390
5,52203006,0.436,3,3506396
8,52204279,11,9,3506407
5,52204789,0.135,3,3506461
2,52208608,8.54,1,3506472
5,52202621,0.25,3,3506480
5,52211220,0.49,3,3506481
16,52202693,3.72,1,3506489
5,52344477,3.6,1,3506491
8,52348186,10.9,1,3506493
5,52349395,3,1,3506494
15,52349410,0.8,1,3506501
1,52349430,0.1,1,3506502
15,50392836,2,9,3519589
12,50397684,1.8,1,3519590
14,50388171,15.5,9,3519595
16,50389458,0.05,6,3519597
17,50478958,14,9,3519632
18,50479088,0,11,3519637
5,50484090,57.24,1,3519638
8,50490430,90,9,3519640
16,50481071,6,9,3519641
12,50444965,0.2,1,3519642
16,50446202,4,9,3519643
17,50455973,80,9,3519645
12,50458187,0.2,1,3519647
18,50444114,0,11,3519648
5,50448965,8,1,3519649
5,50457839,4,1,3519652
18,50445368,0,11,3519653
10,50441948,3,9,3519654
5,50445557,0.2,3,3519655
17,50457282,34,9,3519658
16,50446873,1,9,3519660
18,50456777,0,11,3519663
17,50452144,18,9,3519664
18,50471815,0,11,3519669
18,50463415,0,11,3519673
8,50465966,2,9,3519674
17,50468474,26,9,3519675
18,50463799,0,11,3519678
16,50468623,9.01,1,3519679
18,50471239,0,11,3519681
18,50459091,0,11,3519682
17,50461507,2,5,3519683
5,50430445,0.053,3,3519685
5,50435219,7.9,1,3519686
8,50428007,7.4,1,3519687
8,50432906,51,9,3519689
5,50422049,3.7,1,3519691
15,50438383,0.007,1,3519692
17,50438386,0.006,9,3519693
8,50427127,3,9,3519697
5,50430968,5,1,3519699
16,50432442,1,11,3519706
18,50432444,0,11,3519707
15,50431331,2,9,3519708
15,50423017,7.8,1,3519709
16,50523493,2,9,3519717
12,50524689,1,9,3519718
15,50527273,0.3,1,3519719
16,50519986,1,9,3519720
8,50524856,1,9,3519721
18,50525260,0,11,3519722
18,50525266,0,11,3519723
16,50520549,92,9,3519725
17,50532976,5,9,3519726
17,50508853,2,9,3519733
16,50510409,4,9,3519734
18,50501212,0,11,3519736
16,50613584,36,9,3519769
5,50622105,1,11,3519770
18,50682528,0,11,3519814
17,50671692,0.7,1,3519815
5,50682898,2.009,3,3519818
8,52347512,10,9,3506565
5,52346538,3.5,1,3506596
8,52346546,5.8,1,3506597
5,52346549,0.36,1,3506598
16,52349041,2,1,3506607
5,52350402,12.1,1,3506614
8,52350422,0.1,1,3506625
5,52308261,8.4,1,3506639
8,52307230,59.56,1,3506653
16,52298593,0.96,1,3506654
12,52308526,2.19,1,3506658
8,52301240,1.7,1,3506659
2,52302475,0.35,1,3506660
5,52301356,3.3,1,3506668
8,52296573,1.3,1,3506674
5,52296600,94.1,1,3506675
5,52300228,5.38,1,3506677
5,52307648,6.967,1,3506680
16,52313269,32.1,1,3506683
15,52311529,0.4,1,3506710
16,52295650,2.2,1,3506712
2,52308153,0.4,1,3506740
16,52324228,0.61,1,3506765
13,52314604,1.44,1,3506784
8,52320898,4.19,1,3506805
16,50658450,9.3,1,3519839
18,50669488,0,11,3519840
8,52319999,4.5,1,3506847
12,52320012,0.28,1,3506848
12,52333262,0.7,1,3506892
16,52319095,9,9,3506893
5,52333364,51.6,1,3506901
5,52275440,2,1,3506918
12,52285159,2.4,1,3506923
5,52290033,0.5,1,3506924
8,52291328,0.4,1,3506929
5,52278014,0.55,3,3506933
8,52278029,1,11,3506934
17,52284252,1,1,3506947
8,52284255,6,9,3506948
15,52277013,4.9,1,3506957
14,52277015,0.5,7,3506958
12,52284344,1.8,1,3506972
16,52285546,13,9,3506973
8,52293793,0.8,1,3506985
16,52283301,0.05,3,3506990
5,52285754,1,3,3506992
16,52283470,8,9,3507013
2,52281202,1.71,1,3507020
1,52286052,0.5,3,3507023
15,52284917,4,9,3507028
5,52277679,0.1,1,3507032
12,52425626,0.36,1,3507044
16,52413967,0.24,1,3507061
12,52425877,0.07,1,3507066
9,52425923,0.13,1,3507075
8,52425981,0.91,1,3507076
4,52428562,0.03,1,3507094
12,52424974,4,1,3507101
5,52427658,30.04,1,3507141
17,52428798,4,1,3507142
12,52428855,0.01,1,3507143
16,52428974,10,9,3507165
12,52428998,4,9,3507166
12,52429002,0.46,1,3507167
2,52429791,0.08,1,3507168
12,52429046,0.21,1,3507175
5,52429057,1.8,1,3507176
5,52429062,17.5,1,3507177
15,52414835,6.4,1,3507183
5,52427906,3.9,1,3507193
2,52427936,7.03,1,3507194
8,52429919,0.99,1,3507195
12,52414865,0.56,1,3507199
13,52414884,15.79,1,3507200
12,52409142,1.4,1,3507343
16,50418479,32,9,3494123
8,50414961,1,9,3494131
5,50414969,0.88,1,3494132
5,50417564,2,1,3494151
5,50403522,28,1,3494170
8,50409545,102.1,1,3494179
15,50414274,1,1,3494182
12,50410756,14.06,1,3494188
5,50414323,0.001,9,3494190
15,50414338,0.9,1,3494191
12,50406154,0.23,1,3494196
12,50406207,1.15,1,3494197
16,50401408,3,1,3494202
5,50402606,114.5,1,3494203
12,50403894,9.76,1,3494209
16,50413358,10,9,3494214
5,50413398,0.009,3,3494215
5,50415890,26.5,1,3494221
12,50405253,0.13,1,3494223
16,50405329,53.35,1,3494229
12,52354365,6.65,1,3507458
16,52360588,4.9,1,3507468
8,52357031,0.2,1,3507474
5,52364420,0.9,1,3507477
1,52357097,1.1,1,3507479
5,52354712,1.4,1,3507486
16,52356059,3.46,1,3507502
5,52356136,0.8,1,3507509
8,52353931,1.33,1,3507549
5,52353948,2,1,3507550
5,52360108,8.5,1,3507552
5,52361562,1,1,3507591
8,52493830,13,9,3507596
16,52490258,3.3,1,3507599
5,52490272,19,1,3507602
8,52491536,0.89,1,3507603
12,52491552,4.3,1,3507606
1,52491665,0.82,1,3507611
16,52491666,11,9,3507612
8,52502450,0.3,1,3507622
4,52502538,1,1,3507634
4,52495598,0.01,1,3507637
5,52501415,3.5,1,3507639
1,52490755,18.57,1,3507643
5,52490766,2,1,3507644
5,52501475,125.2,1,3507646
12,52500363,48.1,1,3507648
5,50394533,115.92,1,3494366
16,50398683,74,9,3494427
5,50400274,7.9,1,3494429
5,50388925,12,1,3494439
5,50393848,11.69,1,3494443
12,50388990,31,9,3494453
13,50392836,3,9,3494469
10,50397684,11,1,3494472
5,50391619,12,1,3494482
5,50398951,1.64,1,3494485
5,50383219,3.34,1,3494486
5,50399131,1.12,1,3494502
5,50399892,28,1,3494503
2,50388171,10,1,3494510
16,50388207,1,9,3494511
5,50389458,11.48,1,3494522
17,50382244,2.3,1,3494527
16,52501596,2,9,3507650
8,52492093,0.7,1,3507653
12,52493396,0.02,1,3507666
4,52507326,1.6,1,3507671
17,52499354,0.1,1,3507675
3,52491159,76.13,1,3507679
2,52497129,0.03,1,3507682
5,52491223,3.8,1,3507687
8,52492517,1,9,3507695
16,52464665,0.61,1,3507704
5,52459791,104,1,3507709
8,52465565,1,9,3507778
8,52460660,1.27,1,3507786
8,52460720,3.54,1,3507792
8,52460797,0.78,1,3507799
2,52485393,0.11,1,3507812
16,52486557,5.5,1,3507813
16,52485443,0.71,1,3507818
5,52479407,0.015,3,3507820
8,52483105,5.19,1,3507827
16,52473429,2.5,9,3507839
12,52475859,0.04,1,3507842
16,52486922,0.63,1,3507848
5,52473522,10.7,1,3507850
8,52485750,0.27,1,3507851
15,52485751,2,9,3507852
12,52485760,1.28,1,3507853
5,52479890,8,1,3507876
6,52479894,5,9,3507877
16,52482414,4.7,1,3507879
5,52482434,3.2,1,3507880
16,52478915,0.26,1,3507917
11,47959783,7,1,3516560
2,47973767,1.9,1,3516570
1,47985480,1.8,1,3516583
5,47990485,1.3,1,3516595
5,48078444,3.9,1,3516732
12,48080155,2.4,1,3516733
18,48072631,0,11,3516738
2,48097017,4.4,1,3516753
2,48097038,0.02,1,3516754
5,48097001,1.3,3,3516760
8,50495537,2.5,1,3494719
8,50438820,1.3,1,3494720
5,50438831,0.024,3,3494721
5,50438867,7.9,3,3494722
5,50494417,18.92,1,3494727
5,50494446,3.7,1,3494733
16,50478958,1127.38,1,3494737
16,50480255,7,9,3494746
16,50482747,0.3,1,3494747
2,50479088,673.69,1,3494750
2,50484090,36.76,1,3494755
16,50493525,0.07,1,3494758
8,50493551,1.8,1,3494759
5,50478120,0.21,3,3494766
5,50486696,1.353,1,3494775
15,50483328,15.5,1,3494778
16,50486791,25,9,3494779
12,50486875,0.27,1,3494781
5,50490430,0.152,3,3494783
5,50494096,1,1,3494784
12,50481071,6,9,3494785
5,50488094,29,1,3494787
5,50488095,9,1,3494788
16,50490526,61,1,3494789
5,50488178,22.3,1,3494792
16,50482387,14,9,3494796
16,50483633,2,9,3494797
15,50452211,7,9,3494800
8,50438956,0.2,1,3494803
8,50444965,31.39,1,3494807
12,50444987,0.4,1,3494810
15,50446202,4,9,3494811
16,50455973,83,9,3494815
8,50446266,1,1,3494817
5,50448730,2.9,3,3494818
16,50453596,3,9,3494821
13,50454931,30,9,3494825
5,50439229,0.1,1,3494827
5,50441657,1,1,3494828
5,50442807,0.3,3,3494829
12,50454978,3,1,3494834
12,50454979,0.005,1,3494835
5,50458187,1.4,1,3494836
5,50441665,1.7,1,3494837
5,50441681,5.8,1,3494838
12,50444114,0.46,1,3494839
15,50445307,18,9,3494841
11,50446500,0.001,9,3494842
17,50447772,2,9,3494843
8,50448965,5,9,3494846
12,50457835,0.9,1,3494852
4,50457839,3,1,3494853
15,50441739,0.2,1,3494855
5,50441795,1,1,3494856
4,50445368,2.4,1,3494859
5,50452740,0.6,3,3494863
5,50440660,0.16,3,3494865
5,50441948,10.6,1,3494872
8,50445557,5,9,3494873
16,50457282,1,9,3494881
8,50457287,2.2,1,3494882
5,50446859,3.4,1,3494883
5,50457315,0.05,3,3494888
16,50444513,5,9,3494890
5,50446873,0.1,3,3494891
8,50451846,1,9,3494895
8,50453100,1,9,3494902
16,50456717,10,9,3494903
12,50453138,0.05,1,3494911
12,50456777,6.8,1,3494913
8,50441082,104,1,3494915
16,50449530,34,9,3494918
12,52487490,0.3,1,3507927
5,52487517,7.4,1,3507928
16,52484013,2.01,1,3507937
5,52486440,0.49,1,3507939
15,52481699,24,9,3507945
12,52476809,0.77,1,3507952
5,52476826,1.2,1,3507953
16,52434105,0.52,1,3507961
12,52437751,9.4,1,3507962
2,52438913,2.17,1,3507963
14,52431721,3.93,1,3507967
5,52434133,3,1,3507971
5,52434136,0.001,1,3507972
2,52431759,0.58,1,3507980
15,52431817,0.47,1,3507981
12,52431818,1.66,1,3507982
8,52435410,0.78,1,3507986
5,52431890,1.9,1,3507995
12,52431894,0.36,1,3507996
12,52435609,36.62,1,3508008
16,52436834,7.51,1,3508009
12,52438008,0.69,1,3508010
8,52434452,0.17,1,3508017
16,52434462,0.52,1,3508018
16,52434478,0.3,1,3508019
16,52438091,0.78,1,3508020
2,52438104,0.02,1,3508021
15,52430879,40.5,1,3508024
16,52434498,0.12,1,3508026
12,52441894,0.57,1,3508029
16,52446809,0.3,1,3508032
8,52446837,0.37,1,3508033
12,52446851,0.52,1,3508034
5,52434576,3,1,3508037
12,52435904,0.001,1,3508045
5,52437129,371.56,1,3508046
1,52443441,0.05,1,3508075
8,52445883,1,1,3508077
8,52438529,0.91,1,3508084
8,52438542,102.63,1,3508085
12,52441025,0.001,1,3508087
5,52442411,3.2,1,3508099
12,52432730,0.91,1,3508102
16,52435119,0.51,1,3508105
8,52440065,1,9,3508113
5,52440108,0.3,3,3508114
16,52577398,20,9,3508154
11,52577407,2.5,1,3508155
12,52575102,0.99,1,3508173
12,52566826,157,9,3508181
5,48108506,0.23,3,3516773
8,48106375,1,9,3516775
16,48102156,0.09,1,3516782
12,48101358,0.01,1,3516786
18,48110591,0,11,3516803
5,48128174,4.01,3,3516809
12,48127556,1,9,3516810
8,48126518,6,9,3516811
16,48123798,9,9,3516814
18,48123885,0,11,3516816
18,48123051,0,11,3516819
12,48120793,3,9,3516822
5,48134248,1.4,1,3516823
17,48137942,0.69,3,3516824
8,48133807,0.499,1,3516826
5,48144770,541.5,1,3516827
5,48141530,140,1,3516834
8,48196190,1.04,1,3516917
8,48197219,4.6,1,3516932
5,48275835,2.2,1,3516974
12,48285978,0.3,1,3516977
5,48300072,0.06,3,3516980
13,48292752,4.5,9,3516983
5,48295130,2.9,3,3516984
11,48295143,3.1,1,3516985
18,48292090,0,11,3516987
1,48336810,13.4,1,3517030
18,48335000,0,11,3517031
18,48374152,0,11,3517042
5,48374182,1,11,3517043
18,48376646,0,11,3517044
5,48376968,0.6,1,3517046
18,48373404,0,11,3517048
17,48373409,0.1,1,3517049
16,48376040,0.8,1,3517050
5,52101279,0.526,3,3521479
16,50456887,0.2,1,3494921
17,50457666,1,9,3494924
15,50452144,8,9,3494928
12,50452145,0.01,1,3494929
12,50457695,0.001,1,3494930
5,50475262,10938.2,1,3494934
8,50458291,1,9,3494942
8,50465562,62,9,3494944
5,50471751,3.001,1,3494946
5,50468110,2.75,3,3494951
8,50471815,167.5,9,3494953
12,50465726,19,1,3494957
8,50463370,2,1,3494962
12,50463415,2.001,1,3494963
8,50470842,2,9,3494969
16,50464752,51,9,3494973
5,50465966,0.55,3,3494974
12,50468463,1,1,3494975
16,50468474,2,9,3494983
5,50463799,27,1,3494991
9,50463802,48,9,3494992
16,50467431,1,9,3494994
12,50468623,9.75,1,3494995
8,50461415,76,9,3495003
8,50463869,4,9,3495004
12,50471239,2,1,3495007
8,50474849,1,9,3495008
16,50459082,1080,9,3495009
4,50459091,2.96,1,3495010
17,50459092,5.73,1,3495011
12,50461507,3,1,3495012
5,50472611,3.47,1,3495019
17,50476248,0.73,1,3495022
8,50460429,4,9,3495025
16,50472647,18,1,3495029
13,50472662,2,9,3495030
5,50472702,1.719,1,3495031
16,50476288,1.79,1,3495033
12,50462911,0.001,1,3495037
8,50464252,0.52,1,3495043
16,50469086,1.18,1,3495047
8,50430445,5.3,1,3495049
16,50430462,0.006,1,3495050
8,50431647,68.2,1,3495051
5,50435210,0.006,3,3495054
13,50435219,0.8,1,3495055
5,50437638,7,1,3495059
16,50426869,6.6,1,3495061
15,50428007,14.2,1,3495062
5,50428060,0.035,3,3495063
8,50432906,29.3,1,3495067
2,50422049,24.44,1,3495072
15,50426912,4,9,3495074
8,50438383,0.009,1,3495077
15,50438386,0.002,9,3495078
13,50438396,0.6,1,3495079
5,50420983,0.34,3,3495080
5,50438593,30.3,1,3495091
11,50427127,8.595,1,3495100
16,50436810,25.7,1,3495103
8,50438462,1,9,3495111
5,50438465,0.59,3,3495112
1,50430968,14.5,1,3495115
8,50438557,1.88,1,3495117
5,50421326,0.049,3,3495119
5,50421403,0.25,3,3495128
15,50421438,1,9,3495129
8,50435899,21,9,3495136
2,50437946,0.9,1,3495141
15,50432442,2,9,3495146
8,50432444,3,9,3495147
16,50432461,2,9,3495148
16,50432480,8,9,3495149
8,50438055,2.39,1,3495151
5,50420441,4.4,3,3495152
8,50427666,60,9,3495153
16,50427676,195,5,3495154
8,50427683,1.1,3,3495155
5,50431331,4.4,1,3495156
15,50436134,10.005,1,3495157
15,50420487,0.002,1,3495159
12,50425339,24,1,3495163
8,50423017,12.3,1,3495166
8,50423036,1.4,1,3495167
13,50427807,3.5,9,3495172
12,50438271,0.002,9,3495178
5,50431575,0.25,3,3495185
5,50435179,3.8,1,3495187
12,50421915,0.7,1,3495189
16,50426757,2,9,3495192
15,52574736,0.5,1,3508250
8,52574828,4.2,1,3508256
5,52578273,0.001,1,3508261
5,52533804,4.82,3,3508289
8,52542553,10,1,3508306
12,52532854,1,1,3508315
5,52537761,0.07,3,3508317
12,52551941,0.4,1,3508413
5,52558153,0.1,3,3508416
16,52549600,16.6,1,3508419
2,52552002,1.3,1,3508421
12,52561829,11,1,3508426
12,52549781,0.3,1,3508442
12,52562034,1.48,1,3508451
15,52564422,0.5,1,3508453
16,52549819,0.9,1,3508458
8,52562041,0.8,1,3508469
5,48373745,6.7,1,3517051
18,48369266,0,11,3517053
8,48369718,19,1,3517056
18,48371009,0,11,3517057
18,48371438,0,11,3517058
17,48379945,0.1,1,3517062
8,48378970,32.5,1,3517063
8,48378972,2,1,3517064
16,48380852,1,1,3517065
18,48378519,0,11,3517067
18,48379875,0,11,3517068
18,48393975,0,11,3517070
2,48399792,0.115,1,3517077
12,48401332,1.3,1,3517078
18,48408857,0,11,3517079
4,48406864,0.4,1,3517080
5,48408482,16,1,3517082
16,48407504,1,11,3517083
18,48407526,0,11,3517084
2,48407547,61,1,3517085
16,48420035,1.3,1,3517093
18,48420096,0,11,3517094
1,48420229,1,1,3517095
12,48459844,12.1,1,3517169
16,48461290,5,1,3517170
18,48459334,0,11,3517172
18,48459544,0,11,3517174
18,48458729,0,11,3517176
18,48457850,0,11,3517179
16,48468788,0.5,1,3517181
18,48465990,0,11,3517185
2,48465020,0.01,1,3517186
5,48463783,0.03,3,3517187
17,48466413,0.1,1,3517188
2,48465544,13,1,3517189
4,48465665,2,1,3517190
2,48510750,4.1,1,3517213
18,48515243,0,11,3517220
5,48513169,16.5,1,3517221
4,48529997,0.8,1,3517224
8,48523566,1.5,9,3517225
17,48522656,0.9,1,3517226
5,48536386,0.32,3,3517228
4,48536516,2.1,1,3517229
5,48539424,0.21,3,3517231
4,48539510,4.2,1,3517232
18,48534200,0,11,3517234
8,48532037,9.1,1,3517235
2,48532069,34,1,3517236
13,48531130,3.5,1,3517238
18,48546705,0,11,3517242
2,48540677,0.5,1,3517248
2,48541932,63.9,1,3517249
18,48633520,0,11,3517252
16,48627644,1,11,3517253
1,48636294,5,1,3517256
13,48635392,28,1,3517260
17,48631879,5.4,1,3517262
18,48628452,0,11,3517264
18,48606359,0,11,3517276
5,48601195,81.87,1,3517277
17,48600167,1,11,3517279
18,48597996,0,11,3517285
5,48620356,12.8,1,3517290
5,48620375,0.088,3,3517291
18,48608143,0,11,3517292
18,48620541,0,11,3517295
5,48607181,0.22,3,3517296
16,48608388,5.2,1,3517297
18,48620760,0,11,3517300
5,48619615,0.2,1,3517302
5,48618395,3.38,3,3517304
18,48618398,0,11,3517305
12,48607616,25,1,3517307
18,48616254,0,11,3517309
5,52191349,0.052,3,3521520
5,52143827,0.89,3,3521531
2,52149890,0.45,1,3521532
5,52159117,0.06,3,3521546
2,52153290,6.9,1,3521553
2,52166956,0.23,1,3521557
16,52162343,2,9,3521559
12,52166326,1.2,1,3521566
16,52123881,0.7,1,3521592
15,52273246,1,9,3521619
16,52266256,11,9,3521624
5,52268847,0.136,3,3521627
4,52268907,0.65,1,3521630
8,52208857,2.5,9,3521673
12,52344477,0.63,1,3521694
2,52349430,0.5,1,3521696
8,52346549,0.13,1,3521717
16,52301240,2.8,1,3521729
2,52300228,0.18,1,3521734
6,52319999,0.4,1,3521771
17,52275440,2,9,3521779
13,50534390,2,9,3495249
17,50521040,1,9,3495251
17,50522295,1.71,1,3495252
15,50523493,2,9,3495253
6,50524689,3,9,3495254
5,50527261,2.8,1,3495255
16,50521137,2,9,3495257
5,50526011,2.4,1,3495258
5,50527273,0.4,1,3495259
5,50516343,4.9,1,3495260
5,50519986,10.2,1,3495261
2,50524844,0.64,1,3495262
12,50524856,0.23,1,3495263
5,50535378,1,11,3495266
3,50518859,28.4,1,3495267
16,50533508,10,1,3495269
16,50518921,3.7,1,3495270
12,50533593,13.84,1,3495271
12,50523908,0.6,1,3495273
16,50533638,21,9,3495275
5,50521502,2,3,3495276
16,50525260,0.63,9,3495279
2,50525266,2,1,3495280
12,50533821,1,11,3495283
16,50527858,1.3,1,3495284
16,50520549,2.8,1,3495287
5,50520554,5,1,3495288
16,50520706,150,9,3495293
5,50530514,29.76,1,3495294
8,50532976,1,9,3495298
17,50534958,1,9,3495299
8,50520840,2,9,3495300
12,50522065,1,1,3495301
17,50523255,31,9,3495302
16,50530640,1,1,3495303
5,50520910,0.1,1,3495307
15,50544218,22,9,3495318
8,50545563,6,9,3495321
2,50543205,1.8,1,3495328
15,50545579,7,9,3495329
16,50549512,1,9,3495341
12,50544702,0.4,1,3495346
16,50538837,5,1,3495353
5,50539003,1,11,3495358
16,50537936,1,9,3495360
5,50508815,0.8,1,3495369
2,50508853,4.029,1,3495370
1,50511237,0.5,1,3495372
5,50510079,2.6,1,3495376
8,50512526,1,9,3495378
12,50511536,0.4,1,3495385
15,50511569,0.18,1,3495386
12,50505519,9.3,1,3495388
17,50508036,1,9,3495389
5,50510409,22.9,1,3495390
5,50505607,1.2,1,3495392
5,50499668,1.8,1,3495397
5,50499674,0.5,1,3495398
13,50509448,1.1,1,3495400
5,50507137,0.21,1,3495410
5,50501212,1.1,1,3495412
8,50514655,3,9,3495424
12,52548822,0.03,1,3508488
8,52558856,40.2,1,3508523
5,52558858,0.525,3,3508524
5,52547954,2.48,3,3508529
8,52557623,5.3,1,3508532
2,52557659,0.5,1,3508533
5,52552896,0.125,3,3508540
5,52565846,0.17,3,3508548
2,52565854,0.1,1,3508549
6,52565873,1.1,1,3508550
5,52550537,0.17,3,3508551
5,52557777,0.875,3,3508554
15,52550584,1,1,3508561
13,52555458,2,1,3508562
5,52555459,0.08,3,3508563
5,52555476,0.03,3,3508564
8,52562830,1.4,1,3508566
8,52556723,2.6,1,3508571
4,52508290,0.2,1,3508601
5,52509708,0.2,3,3508614
5,52509712,0.2,3,3508615
16,49102920,1,1,3517601
11,49102993,0.7,1,3517604
17,52277015,63,9,3521784
18,52284917,0,11,3521792
7,52425877,50.22,1,3521800
12,52425923,1.95,1,3521802
4,52424974,0.1,1,3521807
6,52428974,3.94,1,3521823
5,52428998,19,1,3521824
5,52429002,317.67,1,3521825
8,52414835,19.1,1,3521829
16,52429919,0.13,1,3521831
8,52414884,0.25,1,3521833
5,52357097,6.3,1,3521895
13,52356059,1.53,1,3521900
16,52353931,0.22,1,3521910
4,52360108,2.12,1,3521911
8,52361562,0.17,1,3521918
16,52491552,383.3,1,3521919
5,52502450,0.01,3,3521922
5,52502538,0.19,3,3521926
2,52500363,111.5,1,3521927
5,52492093,0.005,3,3521930
11,52491159,3,1,3521936
16,52460720,5.26,1,3521953
16,52460797,2,9,3521955
5,52486557,8.66,1,3521959
11,52485750,9.99,1,3521968
16,52479890,2.3,1,3521973
17,52487517,41.4,1,3521983
15,52481699,1.65,1,3521987
5,52438913,417.38,1,3521991
8,52436834,0.7,1,3521997
16,52446837,1,9,3521999
1,52445883,0.52,1,3522006
16,52575102,18,9,3522023
2,52566826,14,1,3522024
8,52578273,7,9,3522039
11,52542553,0.9,1,3522044
8,50612688,8,9,3495549
16,50611225,2,9,3495566
16,50602716,1,11,3495572
12,50595457,2.28,1,3495576
12,50611455,0.08,1,3495584
17,50611506,1,1,3495585
16,50605670,2,9,3495602
16,50626579,9.5,9,3495609
17,50615595,11,9,3495616
15,50619248,3,9,3495617
12,50616885,1.24,1,3495619
16,50617069,1,9,3495628
12,50613584,1,1,3495638
2,50622105,11.79,1,3495642
16,50613603,1,11,3495647
12,50631027,18.8,1,3495660
17,50627469,1,11,3495666
12,50627500,2.23,1,3495667
16,50616504,1,9,3495672
12,50616560,0.16,1,3495673
5,51418722,2,1,3499914
17,51413252,5,9,3499932
5,51424135,0.1,1,3499944
17,51390219,0.2,1,3500064
12,51406163,0.6,1,3500099
11,52623285,24,9,3508827
5,52611148,0.025,3,3508832
16,52611174,0.84,1,3508833
8,52611203,20,9,3508834
8,52624161,3.6,1,3508850
17,52612520,1,1,3508853
16,52606618,30,1,3508861
2,52618734,1,1,3508865
11,52607951,7,9,3508877
2,52615153,0.001,1,3508882
5,52617775,0.002,1,3508893
5,52623323,0.004,3,3508894
5,52623325,0.5,1,3508895
5,52623361,1,9,3508896
15,52609345,1.3,1,3508900
2,52617853,6.7,1,3508901
16,52622739,0.004,9,3508908
8,52614324,0.5,9,3508910
16,52605895,1,9,3508914
17,52612103,10,9,3508930
5,52619414,8.4,1,3508934
16,52625042,1,9,3509000
17,52625153,0.001,3,3509019
18,49103188,0,11,3517609
16,49103239,1,9,3517611
5,49097643,1,3,3517617
1,49103582,1,3,3517619
5,49096745,0.035,3,3517625
5,49097926,3.35,3,3517626
11,49066044,0.6,1,3517705
11,49054287,0.3,1,3517709
5,49054380,8.2,3,3517711
2,49054386,0.3,1,3517712
5,49068977,0.9,1,3517716
18,49072449,0,11,3517722
2,49054934,2.4,1,3517723
5,49070690,0.116,3,3517725
5,49030417,5.7,1,3517733
13,49025666,2,9,3517739
18,49090024,0,11,3517747
18,49050208,0,11,3517772
1,49046740,0.7,1,3517775
16,49040770,1,9,3517779
2,49044489,28.3,1,3517780
5,49048687,0.08,3,3517782
5,49048734,0.21,3,3517785
18,49048756,0,11,3517786
5,49041699,0.325,3,3517788
8,49132298,3.9,1,3517818
5,49131283,2.39,3,3517822
8,49141348,63.3,1,3517826
5,49128055,0.305,3,3517851
17,49128117,2.6,1,3517855
8,49124820,4.1,1,3517863
18,49124886,0,11,3517864
5,49124910,0.075,3,3517867
12,49114333,12.4,1,3517869
5,49126560,5,1,3517876
17,49129047,1,9,3517880
15,49129169,6.1,1,3517885
12,52549600,1.6,1,3522065
8,52562034,1,1,3522067
16,52548822,4,1,3522073
5,52557623,0.91,3,3522077
16,52565854,0.4,1,3522081
8,52565873,2.2,1,3522082
18,52611203,0,11,3522129
16,52623361,3,9,3522136
18,52609345,0,11,3522137
18,52622739,0,11,3522139
17,52594182,1,11,3522180
16,52601684,30,9,3522185
15,52586009,34.7,1,3522186
16,52603337,110,9,3522193
5,50671475,0.15,3,3495887
5,50677585,0.08,3,3495890
5,50682506,4.9,1,3495894
1,50682528,4,1,3495895
16,50671633,2.5,1,3495903
8,50671688,25,9,3495904
5,50671692,0.19,3,3495905
8,50683836,1.5,1,3495908
16,50688729,3,9,3495913
16,50688754,2,9,3495914
2,50671739,0.5,1,3495915
5,50679026,0.14,3,3495919
5,50673082,14,10,3495923
12,50682898,0.5,1,3495926
5,50678088,0.12,3,3495937
16,50674558,4,9,3495940
8,50674632,1,3,3495945
15,50681982,1,9,3495952
5,50672366,0.14,3,3495953
5,50682003,0.98,3,3495955
13,50672438,1,9,3495960
16,52594182,35,9,3509085
17,52590628,0.47,1,3509097
12,52601684,6.9,1,3509114
8,52601690,1.5,1,3509115
16,52601713,0.26,1,3509116
5,52586009,0.16,3,3509117
2,52588381,0.03,1,3509118
16,52601759,6,9,3509119
8,52604893,0.027,1,3509120
8,52598403,2.5,9,3509143
12,52589892,0.9,1,3509150
8,52603337,7,9,3509168
8,52603360,0.89,1,3509169
12,52597474,0.1,1,3509187
17,52597509,23,9,3509193
5,52591537,0.495,3,3509204
5,52591545,0.022,3,3509205
16,49118342,10,9,3517888
17,49247442,23.9,1,3517908
5,49234104,0.46,3,3517952
5,49241575,0.05,3,3517961
15,49323821,0.5,9,3517977
5,49324926,0.1,1,3517978
16,49324972,1.5,1,3517979
5,49324454,0.1,1,3517996
12,49329064,6,1,3517997
15,49335949,2,9,3517999
8,49323547,5.5,9,3518002
16,49325858,3,9,3518003
8,49324748,4,9,3518006
18,49300413,0,11,3518013
15,49301767,1.5,1,3518015
5,49299468,0.04,3,3518019
16,49292403,0.5,1,3518025
5,49298852,0.045,3,3518035
8,49303378,0.6,1,3518042
16,49287315,3,9,3518048
15,49319391,0.51,1,3518053
8,49315985,116,9,3518055
5,49316013,0.5,1,3518056
8,49317157,0.65,1,3518057
5,49317292,0.54,3,3518065
8,49317329,2.44,1,3518066
16,49304735,6,9,3518081
8,49318013,0.53,1,3518083
16,49320334,4.67,1,3518085
16,49320338,15.1,1,3518086
15,49312236,0.28,1,3518088
5,50653075,0.2,3,3496070
5,50653086,0.04,3,3496071
16,50663176,2.5,8,3496089
8,50658450,3.5,1,3496097
8,50658471,8,9,3496098
5,50658475,0.38,3,3496099
16,50669488,6,9,3496103
8,50669508,1.5,9,3496114
5,50654044,0.07,3,3496136
5,50658926,162.9,1,3496139
5,50658999,1.2,1,3496147
6,50659013,1,9,3496148
2,52110452,0.2,1,3504924
16,52102177,2,9,3504937
11,52113007,0.18,1,3504955
18,49476371,0,11,3518191
13,49347830,5.5,9,3518260
18,49351934,0,11,3518275
18,49448260,0,11,3518284
8,49448281,16,9,3518285
18,49454292,0,11,3518286
18,49454317,0,11,3518287
15,49453187,12,9,3518288
8,49443913,63,9,3518291
15,49456520,4,9,3518292
18,49445288,0,11,3518293
18,49453643,0,11,3518298
18,49452514,0,11,3518299
15,49452591,6.5,9,3518301
16,49443209,1,9,3518302
1,49443417,8,1,3518305
15,49446843,10.5,9,3518306
15,49460184,9,9,3518330
16,49473544,22,9,3518336
16,49466428,28,9,3518337
15,49456738,4,9,3518338
15,49461924,2,9,3518345
16,49470585,25.6,1,3518348
8,49463330,1.5,9,3518351
15,49466992,5,9,3518352
18,49469588,0,11,3518356
15,49457408,1326,9,3518357
18,49469597,0,11,3518358
17,49467188,1,11,3518359
18,49474470,0,11,3518362
4,49470938,3,7,3518365
15,49462562,1,9,3518366
5,49421149,1,3,3518380
17,49565058,10,9,3518405
11,49553306,49.3,1,3518406
17,49556986,0.96,3,3518407
8,49559359,7.27,1,3518408
2,49566522,1.6,1,3518409
4,49567782,29,1,3518411
15,49568983,1.8,1,3518412
18,49569038,0,11,3518413
17,49571006,1,9,3518414
5,49552390,2.18,3,3518415
17,49558465,1.24,4,3518416
8,49563193,5,9,3518417
18,49569328,0,11,3518418
18,49555133,0,11,3518419
5,49555261,32.57,1,3518420
18,49565973,0,11,3518421
5,49552933,0.002,3,3518422
18,49560241,0,11,3518423
18,49559184,0,11,3518425
17,52101277,0.01,1,3505196
16,52101279,2,1,3505197
5,52096348,0.032,3,3505216
2,52189489,3.96,1,3505424
15,49546433,6,1,3518475
18,49549254,0,11,3518496
17,49547060,35,9,3518503
16,49549681,23.5,9,3518509
16,49536547,14,9,3518511
4,49599571,62,9,3518565
12,49708613,0.3,1,3518574
18,49711110,0,11,3518575
5,49712422,0.2,3,3518578
18,49714979,0,11,3518581
17,49723532,1,9,3518582
17,49706797,193,1,3518587
8,49718050,2.2,1,3518591
17,49713180,0.002,1,3518593
1,49623218,0.1,1,3518594
15,49573611,0.6,1,3518608
4,49574900,143,9,3518609
5,49577370,0.15,3,3518610
2,49572620,0.2,1,3518611
12,49577825,1.5,1,3518615
18,49573416,0,11,3518618
12,49574604,1,1,3518619
17,49684645,2.2,1,3518620
5,49675304,2.8,1,3518622
1,49681393,2,1,3518623
8,49681451,2.1,1,3518624
16,49685064,0.5,1,3518625
2,49686019,3.5,1,3518630
4,49681755,0.03,1,3518631
18,49678247,0,11,3518634
16,49678316,6.5,9,3518635
12,49677409,1,9,3518637
5,49678508,3,1,3518638
17,49686512,0.2,1,3518639
12,49631650,1.44,1,3518640
2,49637868,0.9,1,3518644
1,49631011,0.2,1,3518649
17,49636981,1,9,3518650
1,49638239,0.3,1,3518651
5,49638402,18.8,1,3518653
17,49634867,1,9,3518654
16,49700206,22,9,3518659
17,49689486,1,9,3518665
18,49700750,0,11,3518678
12,49701133,16,1,3518687
4,49705642,3.41,1,3518690
16,49690495,2,1,3518691
12,49665599,0.2,1,3518693
18,49657320,0,11,3518697
4,49653701,0.2,1,3518699
5,49661161,0.867,3,3518701
5,49651392,0.031,3,3518702
4,49655025,2.5,1,3518703
5,49651419,23,1,3518705
5,49655090,0.39,3,3518706
18,49660307,0,11,3518711
13,49660345,4.4,1,3518712
1,49661738,1.7,1,3518713
5,49664171,40.6,1,3518714
16,52190071,2.34,1,3505465
5,52194878,0.457,3,3505467
8,52191349,1,9,3505473
5,52140063,1,9,3505519
16,52143747,0.12,1,3505520
2,52158417,3.3,1,3505530
16,52143827,2,9,3505533
8,52149890,11.9,1,3505536
4,52150020,0.1,1,3505554
8,52151321,2.56,1,3505555
2,52153814,1.4,1,3505571
2,52148906,1.08,1,3505579
2,52150310,0.01,1,3505601
12,52153994,0.2,1,3505603
5,52144265,0.095,3,3505607
5,52152847,0.04,3,3505611
8,52152895,0.28,1,3505612
2,52147999,0.27,1,3505630
5,52148031,0.022,3,3505631
5,52149227,0.146,3,3505632
1,52150447,3.2,1,3505633
5,52148041,0.05,3,3505645
5,52154223,0.066,3,3505646
1,52157908,2.49,1,3505647
11,52159117,1,1,3505648
16,52144546,0.64,1,3505650
16,52142136,1,9,3505656
5,52153211,0.855,3,3505661
5,52153290,32.1,1,3505673
2,52158119,0.4,1,3505677
5,52158722,0.19,3,3505681
8,52149664,0.62,1,3505685
8,52158300,5,9,3505689
5,52166805,0.22,3,3505698
5,52160845,0.108,3,3505704
12,52162034,0.019,3,3505705
4,52164508,0.5,1,3505707
11,52166943,15,1,3505709
11,52166944,0.3,1,3505710
2,52169299,0.9,1,3505711
5,49759821,7.1,1,3518745
5,49751509,1,3,3518749
18,49751537,0,11,3518750
5,49751539,41.46,1,3518751
18,49754174,0,11,3518760
17,49750632,5.6,1,3518761
18,49758389,0,11,3518769
17,49744628,2,9,3518807
18,49744651,0,11,3518808
18,49744095,0,11,3518814
18,49730321,0,11,3518823
18,49871686,0,11,3518830
2,49870736,2.1,1,3518833
12,49870738,0.7,1,3518834
15,49878100,4,1,3518835
4,49878105,0.01,1,3518836
16,49866404,5.5,1,3518838
2,49879668,4.1,1,3518844
5,49863141,0.1,3,3518845
18,49863168,0,11,3518846
5,49847628,0.45,3,3518859
18,49855294,0,11,3518861
12,49855310,11.2,1,3518862
18,49851916,0,11,3518865
11,49850772,0.2,1,3518867
17,49851959,14.5,1,3518868
16,49958870,31.5,1,3518889
2,49945068,0.01,1,3518892
16,49949839,8,9,3518894
8,49951113,0.2,8,3518896
5,49953590,0.01,3,3518897
5,49947639,0.21,3,3518898
4,49951439,0.1,1,3518899
16,49952672,4.7,1,3518900
2,49943351,1.4,1,3518904
1,49938381,1.5,1,3518953
5,49887491,6.43,3,3518961
2,49887637,0.1,1,3518963
16,49886470,1,11,3518966
5,49897537,5.79,1,3518967
18,49896838,0,11,3518978
2,52164523,0.4,1,3505719
6,52166956,0.48,1,3505720
5,52178674,0.042,3,3505724
4,52178685,7.3,1,3505725
17,52167039,6,9,3505727
11,52174407,4,9,3505730
2,52176917,1.3,1,3505737
12,52162343,3,9,3505738
2,52169591,1.4,1,3505742
5,52163635,0.42,3,3505748
2,52163646,2.8,1,3505749
5,52166086,0.29,3,3505750
1,52173414,0.82,1,3505753
5,52175892,2.35,3,3505760
5,52163774,0.4,3,3505766
4,52168664,6.53,1,3505771
2,52168665,4.7,1,3505772
8,52166326,4,9,3505778
5,52166350,0.273,3,3505788
2,52166352,0.1,1,3505789
17,52166405,0.015,3,3505790
5,52171340,0.157,3,3505805
5,52167834,0.036,3,3505820
5,52170202,0.016,3,3505822
5,52170396,0.029,3,3505843
5,52136406,0.05,3,3505844
16,52129220,0.001,1,3505855
2,52124708,1.36,1,3505890
12,52121154,11.5,1,3505902
2,52127365,0.3,1,3505945
5,52123881,3.82,3,3505951
16,50000742,840,1,3519028
17,50003498,13,9,3519037
16,49975507,2,9,3519054
18,50103418,0,11,3519070
17,50110662,4.5,1,3519083
5,50088119,12.2,1,3519166
17,50088130,5.5,1,3519167
17,50082199,1,9,3519168
18,50084199,0,11,3519187
16,50092354,1,9,3519191
5,50092355,0.11,3,3519192
5,48134854,0.399,1,3479159
5,48133455,0.14,1,3479172
2,48132281,3,1,3479174
8,48132491,8,9,3479175
5,48132615,0.99,3,3479176
5,48133803,5.4,1,3479177
2,48133807,0.13,1,3479178
2,48132777,9.1,1,3479179
5,48144753,0.5,1,3479180
1,48144770,2.1,1,3479181
8,48144820,47.5,1,3479182
8,48142508,1,9,3479231
2,48141530,10.5,1,3479241
1,48141538,0.3,1,3479242
8,48139156,0.25,1,3479246
5,48140435,1.22,1,3479248
5,48139374,0.199,3,3479257
5,48139476,1.02,1,3479264
17,48139493,6.63,1,3479265
5,49102970,0.04,3,3483593
5,49102993,14,1,3483594
5,49108978,1,3,3483599
1,49110561,1,1,3483600
5,49109012,1,3,3483615
1,49103188,5.8,1,3483639
5,49103201,0.363,3,3483640
1,49098660,0.6,1,3483649
16,49098664,4,9,3483650
10,49103239,3.3,1,3483651
1,49103269,0.1,1,3483652
5,49106884,1,3,3483656
5,49097555,0.314,3,3483663
1,49098723,1,3,3483664
5,49097628,2.6,1,3483676
1,49097643,1.2,1,3483677
5,49098798,0.225,3,3483678
5,49098823,0.3,3,3483679
5,49098827,0.05,3,3483680
2,49098853,300.1,1,3483688
5,49108258,1,3,3483690
5,49103582,1,3,3483699
1,49097865,0.6,1,3483706
5,49097871,0.13,3,3483707
16,49096745,2,1,3483717
1,49097926,3.39,1,3483719
5,49097942,1,1,3483720
1,49099203,0.03,1,3483730
5,49099244,0.374,1,3483742
2,49102667,7.8,1,3483745
15,49103818,1,1,3483746
2,49109874,7,1,3483749
5,49110328,1,3,3483750
4,49110332,1,1,3483751
5,49102717,0.02,3,3483755
5,49103891,0.1,3,3483757
1,49103898,1,1,3483758
16,49110538,1,3,3483764
8,49465881,1,9,3488018
16,49469588,1,1,3488021
5,49474306,0.18,3,3488025
8,49457408,473,5,3488027
16,49465943,3,9,3488028
16,49465948,0.5,9,3488029
8,49465957,28,9,3488030
16,49469597,0.7,1,3488031
15,49462371,9,9,3488036
5,49467188,0.17,3,3488038
5,49474470,10.85,1,3488046
16,49475180,5.6,1,3488047
5,49475186,0.1,3,3488048
15,49460031,2,9,3488052
8,49467332,7,1,3488056
15,49467335,8,9,3488057
4,49470938,1,9,3488058
17,49458847,6,9,3488060
16,49460126,17,9,3488062
8,49462562,1,9,3488064
5,49466134,1.5,1,3488066
2,49434329,1,1,3488134
16,49434338,6,9,3488135
5,49421087,4,1,3488140
12,49421149,1,7,3488141
5,49420625,3.1,1,3488216
17,49420627,3,9,3488217
16,49420631,1,11,3488218
5,49565058,3.7,1,3488241
14,49565073,1.04,1,3488242
5,49565093,0.2,3,3488243
5,49553207,0.79,3,3488244
1,49556874,2.5,1,3488246
5,49565119,4,1,3488249
16,49553306,2,1,3488250
15,49556986,0.5,1,3488252
16,49559359,3,1,3488254
4,49560503,0.007,3,3488255
5,49560519,4.8,1,3488256
5,49566522,10.5,1,3488258
2,49567712,0.2,1,3488259
5,49554645,0.74,3,3488261
8,49559477,0.5,9,3488262
2,49567782,9.4,1,3488263
17,49568983,9,9,3488264
13,49569033,0.004,1,3488265
12,49570955,1.5,1,3488266
5,49552365,4,1,3488267
2,49561804,0.1,1,3488268
5,49563005,0.35,3,3488269
8,49564195,1,11,3488270
5,49569034,0.09,3,3488271
5,49569038,2,1,3488272
1,49571006,3.1,1,3488273
12,49552390,11,1,3488274
5,49553586,0.57,3,3488276
5,49558465,0.01,1,3488277
5,49563116,0.16,3,3488278
5,49561989,2.5,1,3488280
12,49563193,5.6,1,3488281
17,49552585,1,9,3488282
16,49566893,0.1,1,3488284
17,49569328,1.7,1,3488285
5,49570045,3,1,3488286
12,49553866,0.1,1,3488287
12,49563297,0.5,1,3488290
17,49563298,2,1,3488291
5,48196038,0.14,3,3479629
5,48196190,0.71,1,3479632
16,48201259,1,1,3479685
5,48202966,0.29,3,3479695
5,48202122,1.99,3,3479703
8,48202178,3,9,3479707
5,49564515,0.22,3,3488292
5,49565729,0.028,3,3488293
5,49568150,0.001,3,3488294
1,49553890,1.1,1,3488295
5,49555133,0.98,3,3488296
4,49555149,0.9,1,3488297
16,49564601,16.6,1,3488299
16,49564608,5,1,3488300
5,49559961,0.04,3,3488301
1,49559967,2,1,3488302
4,49564689,17,5,3488303
12,49568353,6.6,1,3488304
8,49555261,0.03,1,3488305
5,49556525,0.07,3,3488306
5,49561204,1.48,3,3488309
8,49565973,1.2,1,3488310
5,49567151,0.3,3,3488311
12,49568376,0.4,1,3488312
15,49552933,21.06,1,3488313
1,49555370,0.31,1,3488314
5,49564839,5,1,3488315
1,49570462,0.9,1,3488317
4,49559052,7,1,3488320
12,49560241,7,1,3488321
5,49568558,0.215,3,3488322
5,49569778,0.18,3,3488323
2,49559184,5.99,1,3488327
1,49559189,16.11,1,3488328
17,49560285,2,9,3488329
5,49561448,0.35,3,3488330
2,49561451,2.1,1,3488331
5,49562567,7.7,1,3488332
12,49563790,0.7,1,3488333
1,49564967,0.1,1,3488334
1,49568614,26.2,1,3488335
1,49568631,0.5,1,3488336
5,49570605,0.6,1,3488337
5,49553179,0.123,3,3488338
5,49556772,0.25,3,3488340
4,49556773,0.02,1,3488341
17,49556804,14,1,3488342
1,49546244,0.1,1,3488504
15,49546400,1,1,3488521
5,49547591,0.053,3,3488522
17,49547617,2,1,3488523
5,49545230,20.8,1,3488528
12,49545282,51.9,1,3488529
5,49546433,6.5,1,3488530
15,49550080,0.2,1,3488531
16,49545496,2,9,3488558
5,49550275,0.07,3,3488560
4,49550290,1,11,3488561
5,49550307,0.1,1,3488562
8,48199387,1.1,1,3479722
5,48199427,0.25,1,3479723
16,48200776,3.17,3,3479726
8,48197179,4,9,3479727
5,48197219,0.09,3,3479730
5,49055204,0.303,3,3484233
1,49066014,0.06,1,3484240
5,49054022,0.195,3,3484241
1,49054023,0.2,1,3484242
5,49054031,1.2,1,3484243
16,49055230,1,9,3484244
5,49064806,0.01,3,3484247
1,49066044,2.3,1,3484248
5,49067285,0.23,3,3484249
1,49068510,2.3,1,3484250
1,49055295,0.1,1,3484255
16,49056527,97.9,1,3484256
8,49072946,1,1,3484260
1,49056596,0.1,1,3484261
5,49057826,0.4,3,3484262
5,49054287,10.5,1,3484273
1,49071087,0.1,1,3484278
5,49071092,14.9,1,3484279
2,49054380,10.7,1,3484280
10,49054386,1.6,1,3484281
5,49054406,9.5,1,3484290
5,49054411,5,1,3484291
12,49054412,1.1,1,3484292
1,49055669,0.3,1,3484293
11,49071262,1.2,1,3484301
2,49055678,13,1,3484302
15,49055722,2,9,3484303
8,49068977,1.8,1,3484309
2,49054757,2.6,1,3484322
5,49064327,2,1,3484329
8,49054822,3,1,3484336
1,49054834,12.4,1,3484337
1,49064373,1.41,1,3484339
16,49071623,1,9,3484344
5,49054923,1,1,3484345
16,49068072,41.4,1,3484349
5,49072449,3.5,1,3484351
5,49054934,5.8,1,3484352
5,49054954,0.7,3,3484353
5,49054976,1.25,3,3484354
5,49061112,9.09,3,3484355
5,49063382,0.7,1,3484356
5,49068147,2.1,1,3484358
8,49070690,1.8,1,3484364
1,49027346,0.01,1,3484379
5,49022487,3.11,4,3484393
1,49028672,0.25,1,3484394
5,49941798,1.63,3,3490774
4,49941843,0.2,1,3490775
8,49951412,0.4,1,3490777
1,49951439,0.1,1,3490778
2,49952672,2,1,3490779
5,49940736,0.04,3,3490786
12,49940779,0.01,1,3490787
5,49958489,0.2,3,3490790
4,49943351,1.5,1,3490798
5,49944555,0.66,3,3490799
12,49903394,1,9,3490814
5,49903414,0.01,3,3490815
5,49903472,0.3,3,3490824
17,49903831,14,9,3490867
12,48276322,3,1,3480034
5,48275633,0.2,1,3480036
8,48274537,1.8,1,3480037
8,48275835,3,9,3480039
8,48275857,0.5,1,3480041
5,48284352,2,3,3480066
12,48285712,1.5,1,3480071
8,48285978,2,9,3480076
6,48284843,1,9,3480077
5,48285073,0.1,3,3480082
13,48285090,1.31,1,3480083
12,48283965,1,1,3480084
5,48285129,0.19,3,3480085
15,48286458,1,9,3480087
5,48283063,0.15,3,3480089
16,48300072,4,9,3480093
5,48300109,0.55,3,3480094
12,48300112,0.7,1,3480095
12,48300152,0.6,1,3480096
16,48299222,1,9,3480100
16,48299580,0.01,1,3480103
16,48292752,9.5,9,3480105
2,48295130,10,1,3480107
5,48295143,6.68,3,3480108
12,48295184,0.5,1,3480109
5,48292888,0.1,1,3480110
5,48294050,0.55,3,3480111
5,48293178,0.1,3,3480122
12,48294341,0.11,1,3480123
5,48294409,4.3,1,3480124
2,48292090,4.7,1,3480125
5,48292100,1.55,3,3480126
13,48293634,0.06,1,3480130
5,48296060,0.2,3,3480132
5,48303599,1,1,3480208
4,48302596,0.2,1,3480214
12,48302601,0.2,1,3480215
12,48302606,0.4,1,3480216
5,48302621,0.76,3,3480217
13,48302637,2,9,3480218
1,49026415,10.8,1,3484428
5,49026426,1.5,1,3484429
2,49021601,6.6,2,3484434
5,49027744,0.33,3,3484437
16,49019319,1,1,3484453
2,49019376,0.4,1,3484459
5,49019382,8.6,1,3484460
1,49023010,0.1,1,3484461
5,49023015,4,1,3484462
8,49030417,9.1,1,3484464
1,49031673,0.2,1,3484470
5,49031732,0.09,3,3484471
2,49031754,0.02,1,3484487
12,49025666,2.5,1,3484491
1,49028281,0.9,1,3484502
16,49022149,0.8,1,3484510
5,49022165,0.08,3,3484511
2,49025836,0.1,1,3484515
1,49090024,2.2,1,3484524
1,49090027,0.04,1,3484525
2,49090062,0.4,1,3484526
2,49074278,12.6,1,3484531
1,49077935,8.8,1,3484538
4,49090102,0.1,1,3484545
2,49078010,1.5,1,3484552
1,49089153,1,1,3484580
5,49089156,1.13,3,3484581
1,49078248,0.2,1,3484586
2,49078900,0.1,1,3484678
5,49046646,8.3,1,3484689
5,49046661,0.045,3,3484690
1,49046672,0.3,1,3484691
5,49049025,0.265,3,3484692
2,49049029,1.5,1,3484693
16,49050208,12.4,1,3484694
1,49050230,0.5,1,3484695
8,49050248,0.1,1,3484696
12,49975507,21,1,3491621
4,49972015,0.5,1,3491635
5,49972063,4,1,3491636
16,49964797,66.7,1,3491638
5,49961211,0.98,3,3491648
5,49963855,0.595,3,3491664
5,49972373,0.1,3,3491670
5,49972387,0.05,3,3491671
5,49972411,0.06,3,3491672
5,50098879,0.25,3,3491709
12,50103418,3.3,1,3491717
11,50093049,85,9,3491743
12,50107315,5.05,1,3491769
12,50107350,0.3,1,3491770
5,50108533,0.6,1,3491771
16,50093326,11,9,3491773
5,50109776,0.5,1,3491785
16,50093360,1,9,3491787
16,50110662,4.07,1,3491793
15,50107588,1,9,3491803
5,50110677,3.2,1,3491805
17,50110736,6.2,1,3491806
5,50098453,1,11,3491833
16,50098501,0.6,1,3491838
5,50098544,4.1,1,3491839
5,50104258,8.9,1,3491845
16,48336653,2,1,3480364
8,48336810,0.4,1,3480369
5,48336834,4,1,3480370
5,48335810,31.5,1,3480373
5,48335000,3.7,1,3480375
5,48339168,169.8,1,3480414
2,48339181,1.59,1,3480415
17,48339352,50,9,3480416
2,48339512,0.05,1,3480420
5,48367455,2.9,1,3480481
8,48367492,7.8,1,3480482
5,48366461,0.5,1,3480483
12,48375060,18,1,3480505
5,48375091,0.02,3,3480506
15,48377513,1,9,3480507
12,48375137,0.1,1,3480508
5,48375176,16,1,3480509
4,48374032,0.21,1,3480514
1,48374152,20,1,3480518
2,48374181,0.3,1,3480519
12,48374182,1,11,3480520
2,48376646,0.1,1,3480521
4,48376851,15.9,1,3480527
2,48376968,1,1,3480528
2,48373404,18,1,3480531
4,48373409,5.3,1,3480532
2,48375835,0.5,1,3480533
5,48374733,131,1,3480534
8,48377209,4,9,3480535
1,48376040,18,1,3480537
5,48377217,0.085,3,3480538
5,48377226,4,3,3480539
5,48376074,0.52,1,3480542
2,48373745,1.9,1,3480544
5,48373815,0.07,3,3480546
5,48373816,0.6,3,3480547
8,48375012,0.2,1,3480548
16,48370360,0.1,1,3480550
11,49046740,6.7,1,3484704
5,49040756,0.11,3,3484716
5,49040770,2.5,1,3484717
5,49040799,0.355,3,3484718
5,49040816,0.2,3,3484719
5,49040834,0.08,3,3484727
5,49044474,0.15,3,3484728
5,49044489,45,1,3484729
1,49046932,12.4,1,3484730
1,49046945,0.6,1,3484731
1,49046963,0.1,1,3484732
5,49046979,0.075,3,3484733
5,49044514,0.09,3,3484740
1,49047000,1,1,3484741
5,49043527,0.01,3,3484758
1,49048687,1.4,1,3484788
1,49048725,8.51,1,3484798
8,49048734,0.8,1,3484799
8,49048756,55.5,1,3484800
16,49048765,1.2,1,3484801
2,49048778,0.5,1,3484802
2,49048779,4.3,1,3484803
1,49041687,1.5,1,3484827
2,49041699,1.5,1,3484828
16,49050168,0.2,1,3484835
1,49050204,0.11,1,3484836
8,49041735,0.1,1,3484840
1,49041751,0.2,1,3484841
12,50060891,0.4,1,3491962
2,50060034,0.4,1,3491994
16,50067573,24,9,3492097
8,50088119,93,9,3492129
5,50088130,12,1,3492130
5,50088149,3.1,1,3492131
16,50089366,1,9,3492132
5,50082198,0.15,3,3492138
8,50082199,11.7,1,3492139
4,50083400,0.2,1,3492140
12,50089424,1,1,3492142
16,50082220,1,9,3492149
5,48369266,0.018,4,3480553
5,48369388,0.032,3,3480558
5,48369718,248,1,3480567
5,48369722,3.68,3,3480568
2,48370936,1,11,3480569
16,48371009,0.22,1,3480571
4,48371028,0.01,1,3480572
2,48371108,0.35,1,3480574
1,48372384,5.6,1,3480576
1,48371438,6.11,1,3480582
17,48382456,1,11,3480586
5,48382478,6.5,1,3480587
1,48379945,10.2,1,3480602
5,48377528,4,1,3480603
5,48378970,6.71,3,3480607
1,48378972,25,1,3480608
2,48377706,0.01,1,3480609
17,48379002,1,11,3480610
16,48381518,3,9,3480611
1,48377907,1,1,3480612
5,48381739,0.97,3,3480613
5,48379555,1.4,1,3480614
17,48380852,13,9,3480615
5,48380892,6.5,1,3480616
1,48378394,14,1,3480617
5,48378438,0.175,3,3480618
12,48378519,7.5,1,3480623
5,48378547,0.3,3,3480624
2,48379875,12.9,1,3480625
5,48394442,0.35,3,3480626
5,48394496,0.5,3,3480627
5,48394533,1.05,3,3480629
5,48393975,3.6,3,3480639
5,48395456,18.27,1,3480642
1,48396681,0.2,1,3480643
2,48403222,2.6,1,3480660
17,48402158,5.5,1,3480664
5,48402230,0.3,3,3480667
5,48402400,0.03,3,3480670
12,48402404,0.5,1,3480671
17,48402413,3,9,3480672
17,48398062,41,9,3480677
5,48400650,0.7,1,3480678
16,48400680,1,11,3480679
16,48399688,1,11,3480681
1,48399786,1,11,3480683
1,48399792,0.115,1,3480684
5,48399839,0.137,3,3480685
5,48399870,0.15,3,3480686
5,48401048,0.04,3,3480687
2,48401142,0.5,1,3480688
16,48397611,0.1,1,3480689
1,48397613,1.8,1,3480690
5,48401332,4.8,1,3480691
5,48398979,0.05,3,3480693
2,48401361,0.05,1,3480694
5,48401404,1.75,1,3480695
5,48401406,0.007,3,3480696
5,48399023,0.625,3,3480698
5,48401430,1,9,3480699
5,48399069,0.28,3,3480700
2,48401562,17,1,3480701
5,48416088,0.002,3,3480702
1,48413737,451,1,3480703
5,48415095,2.5,1,3480704
12,48413184,0.3,1,3480713
16,48414647,0.5,1,3480715
5,48414669,0.35,3,3480716
17,48408857,0.5,1,3480717
5,48407704,0.5,3,3480718
5,48408902,6.5,1,3480719
2,48408915,0.9,1,3480720
2,48406864,0.4,1,3480733
5,48408136,0.155,3,3480734
17,48408409,0.4,1,3480739
17,48408467,0.02,1,3480740
2,48408482,21,1,3480741
2,48407454,0.6,1,3480742
5,48407488,0.5,3,3480743
12,48407504,1,11,3480744
17,48407526,11,9,3480745
5,48407547,2.56,3,3480746
5,48424807,4.39,1,3480751
2,48424840,0.4,1,3480752
5,48424853,0.01,3,3480753
5,48419695,0.176,3,3480766
5,48419836,0.05,3,3480773
16,48419876,1.2,1,3480774
2,48420035,203.002,1,3480777
1,48420082,4.4,1,3480781
5,48420088,0.08,3,3480782
5,48420096,0.12,3,3480783
5,48420189,0.864,3,3480784
1,48420204,7.5,1,3480785
2,48420229,9,1,3480786
5,48420253,0.28,3,3480787
2,48419398,68.002,1,3480796
5,48420613,3.42,1,3480797
12,48420728,0.02,1,3480802
15,49137853,4.3,1,3484990
5,49146515,0.2,3,3484993
17,49131885,0.001,3,3484995
5,49137927,0.12,3,3484999
13,49132249,0.5,9,3485034
1,49132298,1,1,3485042
5,49144650,0.05,3,3485056
1,49131276,57.9,1,3485058
16,49131283,0.5,1,3485064
8,49133778,0.8,1,3485066
5,49131498,0.375,3,3485077
8,49138830,0.6,1,3485079
12,49140013,0.9,1,3485080
16,49132799,18.34,1,3485088
17,49141348,0.3,1,3485093
5,49132830,0.56,3,3485101
8,49138959,3.1,1,3485107
5,49138971,0.33,3,3485108
16,49137847,0.1,1,3485116
5,49124394,0.04,3,3485241
2,49128055,0.8,1,3485242
5,50077542,0.16,3,3492166
8,50077549,7,9,3492167
16,50087260,45,9,3492171
5,50087261,0.2,9,3492172
16,50087263,0.7,1,3492173
16,50089945,1,9,3492205
16,50074333,1.3,1,3492208
16,50075701,17,9,3492231
12,50075716,14.4,1,3492232
4,50084199,2.5,1,3492249
16,50085456,336,9,3492250
16,50087886,6,9,3492251
16,50084232,3,1,3492260
12,50092224,1.3,1,3492264
12,50092354,0.6,1,3492269
4,50092355,0.2,1,3492270
5,48425725,0.17,3,3480860
2,48459844,15.6,1,3481087
5,48463383,0.14,3,3481090
17,48461290,4,1,3481092
2,48461408,0.25,1,3481094
2,48462580,0.2,1,3481095
5,48459250,0.6,3,3481100
8,48460473,16,1,3481101
5,48462915,1,9,3481104
5,48459312,0.299,3,3481105
8,49124482,0.5,1,3485255
1,49128116,0.4,1,3485256
12,49128117,0.6,1,3485257
1,49111255,1,8,3485258
5,49128203,0.105,3,3485266
8,49125830,9.6,1,3485273
16,49124820,10.6,1,3485287
15,49124868,1,1,3485292
1,49124883,0.4,1,3485293
16,49124886,6.1,1,3485294
8,49127295,1.2,1,3485296
5,49123738,0.1,3,3485301
16,49124910,580.8,1,3485302
5,49124938,0.265,3,3485303
2,49112911,1,1,3485306
16,49123818,0.4,1,3485311
16,49127470,3,9,3485313
8,49114333,5.8,1,3485332
5,49122811,2.195,3,3485338
5,49121652,0.15,3,3485351
8,49126560,14.7,1,3485353
5,49126595,0.09,3,3485366
16,49129047,1.9,1,3485368
5,49113368,1,3,3485370
8,49129133,619.1,3,3485383
8,49129169,0.6,1,3485392
17,49118342,58.8,1,3485397
12,49119537,1,1,3485399
5,49120687,0.135,3,3485400
16,49120693,1.003,1,3485401
8,49253858,0.9,1,3485417
12,49253879,4,1,3485418
17,49247968,0.24,3,3485430
5,49254102,0.04,3,3485438
1,49250606,0.1,1,3485446
8,49248243,2.6,1,3485451
16,49248272,17.5,1,3485459
15,49247149,0.5,1,3485470
2,49247293,1,1,3485502
5,49247442,3.555,3,3485520
5,49938338,0.235,3,3491053
2,49938381,0.6,1,3491063
5,49881322,0.18,3,3491088
5,49896016,0.1,1,3491091
4,49898413,2,9,3491093
16,49887491,0.4,1,3491100
15,49885114,0.002,1,3491113
5,49886393,506,1,3491114
5,49887637,5,1,3491115
5,49895008,0.03,3,3491119
5,49886470,1.5,1,3491122
8,49888948,14,9,3491123
2,49897537,3,1,3491128
2,49896372,2.7,1,3491134
12,49896406,0.095,1,3491135
1,49881746,2,9,3491136
16,49881748,2.7,1,3491137
4,49881858,7.1,1,3491143
12,49897780,1.6,1,3491146
5,49889213,4.6,1,3491148
4,49889223,0.3,1,3491149
5,49888178,0.35,3,3491160
5,49898016,0.042,3,3491164
7,49896838,1,1,3491168
5,49896858,1.8,1,3491169
5,49898089,0.67,3,3491170
5,49896899,3.5,1,3491174
5,49897103,1.64,3,3491196
5,49882458,0.19,3,3491200
5,49987115,0.857,3,3491327
2,48459334,0.4,1,3481106
5,48463144,1,1,3481110
4,48459544,3.7,1,3481111
5,48459600,12.2,3,3481112
1,48460762,6.8,1,3481113
5,48460816,0.03,3,3481115
1,48460865,0.09,1,3481116
2,48458696,3.5,1,3481118
1,48458729,70,1,3481119
12,48457818,1,1,3481127
5,48457850,3.65,3,3481128
4,48456718,0.8,1,3481137
2,48458651,0.5,1,3481157
5,48468785,0.7,3,3481168
5,48468787,6.8,1,3481169
12,48468788,2.3,1,3481170
8,48468859,32.5,1,3481171
2,48465990,39.3,1,3481180
1,48463552,2,1,3481181
16,48465020,0.26,1,3481184
8,48463783,3,9,3481186
5,48463817,0.18,3,3481187
5,48463818,0.44,3,3481188
4,48463884,3,1,3481189
2,48463901,0.5,1,3481190
4,48466413,0.1,1,3481191
12,48466452,0.2,1,3481192
16,48467671,0.2,1,3481193
16,48467832,4,9,3481195
5,48465539,0.03,3,3481196
1,48465544,94,1,3481197
12,48465546,4,1,3481198
5,48466795,2.1,3,3481199
5,48465665,0.8,3,3481201
17,48507678,0.7,1,3481303
2,48506707,0.8,1,3481305
5,48506821,0.07,3,3481306
1,48510750,2.4,1,3481308
5,48508538,0.162,3,3481310
12,48509837,4.6,1,3481311
5,48509858,14.08,3,3481313
16,48513549,5,1,3481349
1,48514830,5.2,1,3481351
5,48514893,0.6,1,3481352
1,48515243,0.2,1,3481355
1,48514087,1,11,3481357
5,48514152,0.7,1,3481358
4,48514209,0.5,1,3481361
16,48513169,0.1,1,3481365
17,48526626,1.6,1,3481371
5,48525736,3.5,1,3481372
5,48527009,0.25,3,3481373
2,48527055,8,1,3481374
2,48529997,0.9,1,3481379
17,48530001,1,11,3481380
5,48528867,31,1,3481381
16,49248787,1.6,1,3485553
13,49240652,2.4,1,3485638
5,49240700,0.045,3,3485644
5,49242039,0.38,3,3485664
8,49246482,0.9,1,3485678
16,49246500,1,9,3485679
1,49241093,0.1,1,3485698
8,49241117,0.7,1,3485699
12,49234104,1.2,1,3485750
8,49241575,2.3,1,3485793
5,49995736,0.14,3,3491347
5,49989774,0.025,3,3491351
4,49993401,4.9,1,3491353
12,49981664,1.6,1,3491376
5,49991407,0.075,3,3491390
5,49981900,0.5,1,3491405
5,49993963,0.37,3,3491408
2,49993984,4.2,1,3491409
5,49983282,0.95,3,3491419
5,50000182,1.5,3,3491439
12,50000183,0.6,1,3491440
8,50000258,0.9,1,3491449
5,50000311,8.1,3,3491450
8,50000742,14.5,1,3491496
2,50003498,0.1,1,3491546
12,50010712,0.3,1,3491548
5,49971298,9.8,1,3491567
1,49965249,1.5,1,3491570
5,49965288,5,1,3491575
5,49970402,0.02,3,3491594
4,49960586,11,9,3491600
5,49963101,0.07,3,3491601
5,48523566,20,1,3481384
8,48524751,0.1,1,3481385
4,48522656,0.3,1,3481388
2,48538531,0.5,1,3481396
5,48536280,9.2,1,3481397
2,48536386,26.2,1,3481398
5,48536516,0.37,3,3481399
1,48536520,11.3,1,3481400
5,48535530,5,1,3481407
2,48539424,0.7,1,3481417
5,48539510,2.4,1,3481418
2,48539550,9.6,1,3481419
4,48534144,11.7,1,3481425
16,48534151,44,1,3481426
5,48534200,116.7,1,3481429
1,48532037,6.2,1,3481431
5,48532069,0.04,3,3481432
4,48533312,1.4,1,3481433
5,48532155,1,11,3481435
5,48530971,2.3,1,3481437
1,48531130,13.3,1,3481440
5,48531174,0.05,3,3481442
5,48531201,0.53,3,3481443
8,48546705,90.6,1,3481461
5,48546714,0.176,3,3481462
13,48541485,0.4,1,3481482
5,48540374,0.148,3,3481488
1,48541645,2.3,1,3481489
16,48542848,8,9,3481490
1,48540677,8.5,1,3481492
12,48541932,2.1,1,3481493
1,48627494,1.6,1,3481535
4,48633520,7.2,1,3481537
5,48633572,0.4,3,3481542
12,48633578,0.4,1,3481543
8,48627638,0.3,1,3481547
16,48627644,5,9,3481548
8,48636294,1086,1,3481565
5,48632935,0.01,3,3481568
5,48633024,0.024,3,3481581
5,48635392,0.1,3,3481582
5,48627042,0.2,3,3481585
5,48631879,3.9,1,3481586
4,48627186,0.2,1,3481592
5,48627202,0.04,3,3481593
8,48627217,19,9,3481594
2,48628452,2.1,1,3481595
8,48628612,1,11,3481607
5,48628613,0.1,3,3481608
5,48599518,0.25,1,3481612
1,48603246,4.5,1,3481629
1,48603254,5.2,1,3481630
4,48598580,0.8,1,3481641
12,49337533,3.6,1,3485874
8,49323802,14,9,3485876
5,49323821,2.3,1,3485877
8,49324911,1,1,3485878
15,49324926,0.41,1,3485879
8,49324972,6.48,1,3485880
1,49329476,15,1,3485884
5,49330575,2,1,3485885
5,49330580,7,1,3485886
15,49322761,3,9,3485904
5,49322777,2.8,1,3485905
5,49323857,0.8,1,3485906
12,49323863,0.01,1,3485907
8,49323869,64,9,3485908
5,49324995,3.4,3,3485909
12,49325028,4.41,1,3485910
12,49334119,5,9,3485918
12,49322811,0.1,1,3485920
2,49328719,0.5,1,3485941
5,49335491,0.06,3,3485949
15,49322997,0.66,1,3485952
16,49323007,3,9,3485953
5,49328772,1,1,3485954
5,49329977,0.295,3,3485959
5,49329992,0.125,3,3485973
5,49330010,0.08,3,3485974
15,49323233,61,9,3485978
5,49324399,1.7,1,3485979
5,49324437,1.9,1,3485999
12,49324454,0.3,1,3486000
15,49324470,69,9,3486001
2,49329064,115.001,1,3486004
16,49335949,9,9,3486012
12,49333705,1,1,3486021
15,49323547,5,9,3486026
15,49325797,1,9,3486027
15,49325799,17,9,3486028
8,49325838,2,9,3486029
5,49325853,0.9,1,3486030
15,49325858,48,9,3486031
12,49330389,1.75,9,3486032
1,49331448,38,1,3486033
12,49340534,0.02,1,3486050
15,49323560,2.5,9,3486051
2,49323598,0.01,1,3486052
5,49324748,10.1,1,3486053
5,49325884,1.5,1,3486054
2,49340617,0.003,1,3486063
8,49330553,30.5,9,3486066
15,49300413,0.5,1,3486074
5,49302857,0.175,3,3486077
16,49548013,240,5,3488586
2,49549254,1.3,1,3488587
5,49551228,0.098,3,3488588
5,49546991,1.3,1,3488610
5,49542199,0.952,3,3488620
12,49542204,0.175,1,3488621
8,49547060,5.6,1,3488623
5,49551454,0.19,3,3488625
2,49537537,0.7,1,3488628
16,49542289,3,9,3488631
12,49546040,2.9,1,3488642
5,49550806,0.9,1,3488645
5,49549681,0.09,3,3488658
5,49550883,1,1,3488659
2,49536543,0.2,1,3488664
4,49536547,2.4,1,3488665
12,48606359,0.04,1,3481661
12,48601195,16.43,1,3481665
16,48604865,2,1,3481670
5,48604873,0.09,3,3481671
16,48600167,4.5,1,3481673
1,48600208,1.9,1,3481682
5,48600237,4.3,3,3481683
5,48605857,216,1,3481691
5,48597996,0.015,3,3481698
5,48599274,0.3,3,3481700
5,48600426,1.978,3,3481701
5,48604199,1.2,1,3481713
5,48604225,0.1,3,3481714
5,48607917,1,11,3481720
17,48607943,1.5,1,3481721
5,48611590,3.3,1,3481722
5,48615276,0.2,3,3481724
5,48614099,0.74,3,3481727
17,48615310,0.7,1,3481728
5,48615329,0.247,3,3481729
2,48620356,5.1,1,3481731
15,48620375,0.006,1,3481732
1,48622842,2.4,1,3481733
5,48608117,0.59,3,3481735
15,48617995,3.6,1,3481736
5,48622898,0.1,1,3481737
4,48608143,0.6,1,3481738
2,48620541,6.01,1,3481742
5,48613082,4.6,3,3481744
1,48620597,0.9,1,3481746
5,48613214,0.05,3,3481748
8,48607181,6,9,3481750
12,48608388,3.8,1,3481751
5,48613232,0.07,3,3481754
16,48613234,1,11,3481755
2,48620760,0.3,1,3481756
2,48624473,1,1,3481758
17,48619615,0.02,1,3481761
12,48613422,15.1,1,3481763
1,48618395,2.6,1,3481765
12,48618398,55,9,3481766
5,48614692,4.6,3,3481768
2,48614702,0.1,1,3481769
5,48607529,0.141,3,3481775
2,48607568,0.5,1,3481776
16,48607616,21,1,3481782
11,48608848,5.5,1,3481783
2,48608873,0.5,1,3481784
2,48616254,1.3,1,3481790
4,48616283,0.7,1,3481791
2,48616302,0.3,1,3481792
16,48624971,5,1,3481793
4,48624972,0.1,1,3481794
5,48613851,0.1,3,3481797
8,49287374,1,11,3486080
8,49287386,2.6,1,3486081
16,49287393,0.2,1,3486082
5,49295657,1,1,3486087
15,49300472,0.8,1,3486088
5,49292108,0.325,3,3486094
2,49293352,0.3,1,3486096
8,49298198,5,1,3486100
5,49299344,0.315,3,3486101
5,49299353,0.085,3,3486102
16,49301767,11.5,3,3486104
5,49297003,0.02,3,3486122
16,49299468,1.8,1,3486124
5,49297109,0.05,1,3486136
5,49299515,0.085,3,3486137
16,49299539,2.8,1,3486138
5,49301930,0.09,3,3486139
16,49292369,3.65,1,3486144
13,49295991,0.6,1,3486147
15,49300788,10.2,1,3486149
5,49292403,0.45,3,3486154
16,49300871,48,9,3486162
8,49290165,22.8,1,3486174
8,49297411,1.3,1,3486193
16,49297418,6,9,3486194
5,49302205,1,9,3486199
12,49302269,11.5,1,3486200
5,49293835,0.81,3,3486211
16,49303061,1,9,3486218
1,49289252,1.1,1,3486239
12,49298852,1,9,3486247
5,49297677,0.125,3,3486261
8,49300158,99,1,3486264
12,49288260,2.8,1,3486268
12,49303378,1,1,3486288
16,49288302,1.4,1,3486291
5,49294177,0.55,3,3486296
5,49288392,0.01,3,3486307
15,49294276,10.3,1,3486312
8,49287315,2,9,3486316
15,49316992,0.15,1,3486322
2,49318149,0.21,1,3486323
15,49318180,0.5,1,3486324
5,49319308,0.13,3,3486325
5,49319315,3.6,3,3486326
16,49319327,2.06,1,3486327
13,49317022,3.9,1,3486344
16,49318209,18.2,1,3486345
16,49319391,3.47,1,3486346
5,49307708,0.21,3,3486351
12,49601231,0.8,1,3488849
5,49601321,0.529,3,3488857
2,49599571,31.3,1,3488895
5,49602179,0.055,3,3488915
12,49724333,1.9,1,3488935
17,49724335,13,9,3488936
8,49713357,0.3,1,3488937
1,49713387,0.1,1,3488938
16,49668045,0.2,1,3488939
2,49668072,0.3,1,3488940
5,49708613,0.08,3,3488941
5,49711005,0.017,3,3488944
5,49713424,1,11,3488946
5,49714697,0.03,3,3488947
5,49717178,0.5,1,3488948
5,49720832,0.42,3,3488949
2,49711057,0.001,1,3488950
2,49711110,1,1,3488951
5,49717247,0.525,3,3488952
16,49723314,1,11,3488955
5,49723321,0.16,3,3488956
5,49708760,0.1,3,3488962
16,49714841,2,9,3488963
5,49722138,0.5,3,3488970
4,49712422,1.1,1,3488975
5,49712466,0.195,3,3488976
5,49717399,0.07,3,3488978
2,49723474,0.2,1,3488980
5,49707662,1.23,3,3488982
1,49707685,1,1,3488983
5,49712509,0.388,3,3488986
5,49713744,0.9,1,3488987
1,49714979,2,9,3488989
8,49723532,1,9,3488990
5,49707721,1.5,3,3488991
1,49712751,0.1,1,3489004
1,49712771,0.02,1,3489005
5,49722589,10.4,1,3489007
17,49706764,0.1,1,3489008
16,49706797,1,1,3489009
5,49711618,0.08,3,3489012
12,49721384,4.7,1,3489014
1,49722631,2,1,3489015
17,49719049,1,9,3489022
12,49723958,3.1,1,3489025
5,49722812,0.08,3,3489036
1,49718050,0.5,1,3489040
2,49720413,0.4,1,3489042
1,49720420,0.2,1,3489043
5,49708248,0.9,1,3489045
5,49710696,0.16,3,3489048
4,49713137,9.3,1,3489049
5,49713151,3.1,3,3489050
5,49712018,0.405,3,3489054
5,49713180,3.73,1,3489055
2,49715657,18,1,3489056
17,49617055,1.4,1,3489065
17,49623218,1,9,3489067
12,49626821,1.33,1,3489068
5,49628045,0.9,1,3489069
12,49625808,3,1,3489082
5,49624819,0.04,1,3489090
5,49624836,0.1,1,3489091
2,49626262,0.1,1,3489098
2,49628374,1.3,1,3489107
2,49617898,0.9,1,3489108
5,49617969,2.2,1,3489111
15,49315972,1.9,1,3486366
5,49315985,22.7,1,3486367
2,49316013,0.5,1,3486368
15,49317157,0.81,1,3486370
5,49305374,0.7,1,3486372
5,49314899,0.073,3,3486388
17,49314945,5.05,1,3486389
8,49317289,0.8,1,3486402
15,49317292,18.04,1,3486403
15,49317298,3.41,1,3486404
1,49317309,79.98,1,3486405
5,49304306,0.27,3,3486407
16,49317329,10.51,1,3486412
5,49318615,0.2,1,3486426
15,49318629,4,9,3486427
15,49318673,2,9,3486447
15,49318681,8,9,3486448
1,49317746,0.37,1,3486500
2,49321910,0.01,1,3486508
1,49304735,0.7,1,3486509
15,49308417,10.5,1,3486515
15,49308435,6.65,1,3486516
16,49313131,1,9,3486524
8,49313143,7,9,3486525
15,49320141,0.25,1,3486530
15,49321944,0.068,1,3486535
16,49321968,31,9,3486536
5,49313163,21.6,1,3486544
2,49320211,3,1,3486547
15,49315630,2.6,1,3486560
15,49317956,31,9,3486570
15,49318008,0.12,1,3486583
15,49318013,9.11,1,3486584
15,49318034,2.74,1,3486585
15,49320326,0.52,1,3486590
5,49320334,4.67,1,3486591
15,49320338,20.23,1,3486592
8,49307533,0.04,3,3486597
16,49312236,4.93,1,3486600
5,49318086,4.74,1,3486606
15,49318088,0.35,1,3486607
15,49318105,9,9,3486608
5,49312286,0.402,3,3486618
2,49621890,1.4,1,3489124
2,49572437,0.3,1,3489138
5,49573611,0.169,3,3489142
5,49577310,0.1,3,3489143
2,49574900,2.2,1,3489145
16,49577370,0.2,1,3489146
17,49577379,35,9,3489147
5,49573756,1.975,3,3489149
17,49571424,2,9,3489152
16,49572620,0.1,1,3489153
1,49572646,1.7,1,3489154
5,49578731,0.11,3,3489155
1,49571525,0.15,1,3489159
2,49571528,0.5,1,3489160
5,49572705,0.07,3,3489161
5,49575159,0.2,3,3489162
5,49578814,0.7,3,3489164
5,49571582,2.5,1,3489167
17,49572797,0.01,1,3489168
17,49578869,0.01,1,3489169
5,49572896,0.07,3,3489172
5,49577825,152.02,3,3489182
17,49574289,2.1,1,3489185
5,49573201,0.1,1,3489188
16,49574380,1.1,1,3489189
5,49579308,6,1,3489191
16,49573416,397.4,9,3489197
5,49574604,2,1,3489198
16,49572277,6.4,1,3489202
2,49573494,11.3,1,3489203
5,49573497,2.75,3,3489204
1,49678615,0.5,1,3489206
8,49681004,15.2,1,3489207
2,49684645,4.5,1,3489208
17,49685857,1,11,3489209
5,49675229,0.832,3,3489210
12,49685906,24.2,1,3489217
12,49675304,9,1,3489218
16,49675316,34,9,3489219
5,49686577,0.08,3,3489224
17,49677661,4,9,3489228
5,49682495,0.17,3,3489229
5,49686866,4.1,1,3489230
5,49668273,58,1,3489231
12,49669543,0.55,1,3489232
4,49673149,0.3,1,3489233
5,49674322,0.105,3,3489234
12,49677784,10,1,3489235
17,49673203,0.34,1,3489236
8,49675556,1.6,1,3489237
2,49681393,16,1,3489240
1,49681451,0.2,1,3489241
4,49682608,0.001,1,3489243
5,49682635,4.6,1,3489244
5,49685041,41.5,1,3489245
5,49685046,0.025,3,3489246
17,49679087,11,9,3489247
5,49682668,4.6,1,3489248
5,49685064,4.8,1,3489249
5,49672178,0.1,3,3489250
2,49674553,2.7,1,3489251
5,49683958,2,1,3489257
2,49669804,0.2,1,3489260
5,49681615,20,1,3489265
11,49684064,0.5,1,3489267
12,49686019,6.9,1,3489268
5,49668692,0.04,3,3489269
5,49671129,0.141,3,3489270
1,49672294,0.4,1,3489271
5,49681720,0.22,3,3489273
1,49681755,0.801,1,3489274
12,49684111,17,1,3489275
1,49669960,0.9,1,3489277
5,49669971,0.165,3,3489278
5,49678247,0.1,3,3489286
12,49678272,179,3,3489287
2,49685443,0.1,1,3489289
5,49668898,0.165,3,3489290
5,49678316,0.229,3,3489291
5,49678336,0.2,3,3489292
2,49678337,0.005,3,3489293
12,49680731,0.4,1,3489294
17,49681934,0.1,1,3489295
5,49678430,3.2,1,3489299
12,49680784,1.1,1,3489300
2,49685596,0.9,1,3489302
16,49686413,0.05,1,3489303
5,49669056,3.5,1,3489304
5,49677409,1.55,3,3489305
2,49678508,3.4,1,3489306
5,49670335,0.41,3,3489311
5,49671526,0.28,3,3489312
5,49671530,7,1,3489313
12,49671564,0.04,3,3489314
2,49678594,0.7,1,3489315
11,49686506,53.8,1,3489317
2,49686512,15.8,1,3489318
5,49674022,0.18,3,3489319
12,49674053,8.5,1,3489320
17,49643730,4.7,9,3489323
1,49629257,1.2,1,3489325
5,49631650,2,1,3489326
2,49631652,4.2,1,3489327
1,49632878,0.1,1,3489328
5,49634042,9.5,1,3489329
17,49642573,1.5,9,3489331
5,49642591,1.8,1,3489332
5,49631922,41.6,1,3489351
5,49637868,2.3,1,3489354
2,49641686,1,1,3489365
12,49644201,2.5,1,3489376
5,49629822,1.5,1,3489377
2,49629832,0.7,1,3489378
5,49631011,6.7,1,3489379
8,49636981,4,9,3489381
17,49637012,1,9,3489382
1,49629850,1.6,1,3489384
2,49629877,0.8,1,3489385
5,49631092,1.8,1,3489386
2,49638238,0.2,1,3489388
17,49638239,5,9,3489389
12,49638242,0.4,1,3489390
12,49643191,1.2,1,3489392
5,49643195,0.4,1,3489393
2,47959759,7.4,1,3477785
5,47959783,24.1,3,3477786
5,47960334,0.4,1,3477800
12,47960840,0.4,1,3477804
2,47961834,0.1,1,3477812
5,47963162,0.2,1,3477819
17,47963416,20,7,3477821
5,47973767,8.3,1,3477834
12,47974015,0.2,1,3477835
12,47974075,1.5,1,3477836
5,47973432,1,1,3477846
5,47974681,2.7,1,3477848
5,47974771,3.8,1,3477849
12,47973740,0.36,1,3477852
12,47971447,0.4,1,3477853
5,47970371,2.3,1,3477854
17,47985480,3.2,1,3477908
12,47984492,0.8,1,3477912
2,47992528,0.6,1,3477948
12,47989543,0.2,1,3477957
2,47990159,0.2,1,3477974
2,47989030,0.7,1,3477977
12,47990219,0.6,1,3477978
5,47989061,0.6,1,3477981
12,47990485,12.6,1,3477984
5,47988128,11.1,1,3477985
12,48013801,1.2,1,3478004
2,48010453,1.2,1,3478008
5,48012836,10.7,1,3478009
2,47999243,0.6,1,3478015
5,47999288,0.8,1,3478016
5,47996168,6.68,4,3478022
17,48007488,1.6,1,3478041
2,48008794,1.2,1,3478042
12,48008861,1.9,1,3478043
17,49638402,26,9,3489398
1,49634867,1,1,3489399
5,49638498,0.4,1,3489400
5,49632531,0.5,1,3489402
5,49634972,0.1,1,3489403
5,49634975,2.3,1,3489404
8,49647842,18,9,3489406
12,49633918,0.7,1,3489417
5,49633979,2.4,1,3489420
8,49700206,100,1,3489425
5,49705050,0.172,3,3489430
1,49701558,61.7,1,3489441
1,49689486,22.4,1,3489443
2,49689512,0.01,1,3489444
2,49701584,0.1,1,3489452
5,49704148,0.01,3,3489472
5,49704154,0.8,3,3489473
4,49689768,0.3,1,3489485
2,49687432,1,11,3489498
4,49700730,0.1,1,3489510
2,49700750,21.6,1,3489511
8,49699747,34.4,1,3489542
16,49699790,8,9,3489550
5,49704648,0.5,3,3489561
5,49696273,0.3,3,3489567
2,49701133,298,1,3489572
1,49701149,11.7,1,3489573
12,49705614,0.02,1,3489594
5,49705626,0.05,3,3489595
5,49705628,0.54,3,3489596
2,49705642,1.42,1,3489597
5,49690495,0.564,3,3489600
5,49695370,0.2,3,3489615
5,49659503,0.08,3,3489616
5,49659534,2.253,3,3489617
16,49665599,9,9,3489619
16,49666817,8,9,3489620
5,49649771,1,1,3489621
17,49652239,0.3,1,3489624
5,49658310,0.137,3,3489625
5,49660859,3.3,1,3489626
12,49665740,4,1,3489628
1,49664596,4.6,1,3489632
17,49652354,1,11,3489634
5,49662168,1.31,3,3489636
5,49657320,1,11,3489640
4,49661056,2.2,1,3489641
5,49661090,0.85,3,3489642
2,49653701,3.9,1,3489646
16,49661124,27.2,1,3489648
12,49661161,11.6,1,3489649
12,49663619,1,11,3489651
4,49664800,0.2,1,3489652
5,49651383,0.06,3,3489653
4,49651392,7.4,1,3489654
4,49653806,0.9,1,3489656
2,49655025,3,1,3489657
5,49663673,0.3,3,3489659
12,49651419,1,11,3489662
12,49655090,14.4,1,3489664
2,49663728,1.1,1,3489668
12,48009124,0.3,1,3478048
5,48009569,0.4,1,3478058
5,49479371,0.03,3,3487077
5,49479416,0.39,1,3487078
12,49477228,14,1,3487112
8,49476271,1.07,1,3487146
5,49476275,1.05,3,3487147
17,49476301,2,9,3487157
4,49476371,0.5,1,3487158
2,49653991,0.4,1,3489672
5,49663778,114,1,3489679
5,49663853,2,1,3489686
4,49663876,0.08,1,3489687
5,49665104,0.05,7,3489688
1,49660307,2.6,1,3489694
5,49660310,1,1,3489695
5,49661539,1.3,1,3489696
5,49666387,0.13,3,3489698
11,49666402,40,1,3489699
12,49654162,0.2,1,3489701
1,49660345,5.8,1,3489703
5,49660410,0.7,3,3489704
12,49666469,26,1,3489705
5,49655524,865,1,3489708
5,49657962,0.6,1,3489709
2,49660440,0.2,1,3489710
5,49661738,0.83,3,3489713
17,49664171,9.5,1,3489714
2,49667388,14.1,1,3489715
5,49650793,0.08,3,3489716
2,49660594,0.7,1,3489719
17,49650814,1,11,3489720
1,49658185,3.7,1,3489723
5,49664342,117,1,3489724
3,49654600,1,11,3489728
5,49657039,4,1,3489730
4,49746251,0.6,1,3489869
5,49746332,0.1,3,3489880
2,49759821,3.5,1,3489894
5,49746432,1,11,3489899
15,49751509,7,1,3489932
17,49751537,1,11,3489933
2,49751539,4,1,3489934
4,49751556,2.5,1,3489941
5,49751581,11,1,3489942
17,49752787,0.3,1,3489943
12,48071253,0.6,1,3478539
12,48068988,0.4,1,3478540
2,48070087,1.3,1,3478541
5,48067817,1.8,1,3478545
2,48069102,0.02,1,3478547
17,48069116,3,9,3478548
5,48070567,9.1,1,3478562
5,49481229,0.294,3,3487189
12,49481312,0.5,1,3487202
8,49476672,0.014,1,3487209
5,49343602,0.755,3,3487431
5,49342600,2,3,3487439
8,49342682,20,9,3487449
12,49754174,12.8,1,3489960
2,49754199,0.2,1,3489961
8,49750632,1.7,1,3489965
8,49754241,2.1,1,3489966
5,49751856,9.2,1,3489977
5,49751899,0.1,3,3489978
5,49749540,0.1,1,3489981
17,49748538,30,9,3490005
16,49758389,2,9,3490011
5,49758400,0.5,1,3490012
15,49760807,0.55,1,3490013
17,49760836,1,11,3490014
5,49740188,5.7,1,3490178
5,49742791,0.264,3,3490198
5,49728145,0.26,3,3490199
5,49727071,0.2,1,3490203
2,49731972,0.9,1,3490216
5,49731975,5.6,1,3490217
12,48066713,0.9,1,3478604
12,48066715,0.8,1,3478605
12,48078444,8,1,3478642
16,48081183,16.9,1,3478652
5,48081187,1.8,1,3478653
12,48081224,1.3,1,3478654
5,48080155,2.5,1,3478657
12,48075805,0.5,1,3478675
5,48073855,22.9,1,3478683
5,48072631,6.8,1,3478688
12,48081719,0.4,1,3478745
2,48081761,3,1,3478746
12,48085514,0.4,1,3478755
5,48084379,10.7,1,3478759
16,48083436,2,9,3478767
12,48083496,0.2,1,3478768
5,48097016,0.25,3,3478779
15,48097017,9,9,3478780
13,48097027,3,9,3478781
5,48097029,0.73,3,3478782
5,48097038,0.02,3,3478783
12,48097042,2.8,1,3478784
5,48099863,0.5,3,3478795
5,48099875,0.24,3,3478796
12,48097651,0.4,1,3478802
13,48097694,0.2,1,3478803
8,48098879,1,9,3478804
2,48097732,1.6,1,3478807
5,48097756,4.64,3,3478808
5,48096730,0.16,3,3478816
5,48096785,0.2,3,3478817
13,48097001,1.8,1,3478827
5,48094235,0.3,1,3478845
5,48108441,0.01,3,3478874
16,49345249,0.65,1,3487461
12,49348910,0.78,1,3487462
16,49345305,6,9,3487471
12,49341749,5.54,1,3487476
12,49347830,26.7,1,3487479
5,49347927,1,3,3487490
2,49345730,0.1,1,3487509
2,49348124,0.16,1,3487510
5,49351934,35,1,3487534
12,49351942,0.3,1,3487535
5,49445876,2,1,3487567
16,49445877,4,9,3487568
2,49448260,162,1,3487569
8,49440082,1,9,3487572
16,49444786,2,9,3487573
8,49444852,2,9,3487574
15,49445914,10,9,3487575
5,49448281,388.7,1,3487578
8,49448287,7,9,3487579
16,49454280,2,9,3487581
8,49454292,33,9,3487582
5,49454317,0.5,1,3487583
16,49440127,13,9,3487586
12,49440128,5.3,1,3487587
15,49444864,2,9,3487590
12,49444869,31,1,3487591
8,49453187,3,9,3487595
16,49453197,307,9,3487596
16,49446127,1,9,3487600
8,49446132,1,9,3487601
5,49456421,0.1,3,3487608
8,49456456,18,9,3487609
5,49443913,15.5,3,3487612
5,49446167,1.5,1,3487616
17,49446187,2,9,3487617
8,49453305,1,9,3487621
12,49453306,0.5,1,3487622
8,49456520,18,9,3487623
5,49439165,2.1,1,3487625
17,49439176,0.35,7,3487626
8,49447400,5.5,9,3487631
16,49453373,20,9,3487632
15,49453444,7,9,3487633
5,49454584,4.1,1,3487634
2,49444054,25,1,3487638
5,49447435,2.9,1,3487639
8,49444155,1,9,3487648
12,49445288,257,1,3487649
2,49453596,0.3,1,3487656
8,49453643,46.5,9,3487663
5,49448938,1,1,3487670
8,49452514,1,9,3487671
5,49453677,4,1,3487672
15,49453706,212,9,3487673
15,49449003,4,9,3487679
5,49449008,10,1,3487680
8,49452591,4,9,3487682
12,49455760,1,9,3487687
5,49443209,2,3,3487690
15,49452737,2,9,3487704
17,49443411,4,9,3487710
16,49443417,2.3,1,3487711
15,49446842,3.5,9,3487714
12,49446843,15,1,3487715
15,49446854,1,9,3487716
5,49447998,0.6,3,3487717
16,49448013,1,9,3487718
12,49449190,5.3,1,3487719
15,49449214,16,9,3487720
15,49451575,1,9,3487721
16,49451577,7,9,3487722
16,49455997,18.5,9,3487726
15,49451652,2,9,3487730
5,49456037,4.5,1,3487731
15,49456094,1,9,3487732
1,49736899,0.5,1,3490222
2,49744628,3.9,1,3490235
2,49744651,4.4,1,3490236
4,49744661,0.2,1,3490237
16,49727230,1,11,3490238
2,49728481,0.1,1,3490239
2,49728489,0.5,1,3490240
17,49735795,3,9,3490243
5,49728538,0.14,3,3490249
5,49729805,2.7,1,3490251
2,49735835,0.5,1,3490253
4,49728643,1.8,1,3490261
5,49733472,0.3,1,3490263
5,49744064,82,1,3490266
1,49744095,1,1,3490268
5,49731171,0.176,3,3490271
2,49731188,2,1,3490272
2,49731206,0.3,1,3490273
16,49738544,1,3,3490276
12,49738580,0.1,1,3490277
17,49730121,0.3,1,3490293
12,49736233,1.6,1,3490298
5,49739989,0.077,3,3490304
12,49726683,2.8,1,3490308
4,49730288,1.5,1,3490310
12,49730321,9.2,1,3490311
1,49730326,3.9,1,3490312
5,49870477,1,1,3490319
5,49874103,0.37,3,3490320
5,49870531,0.26,3,3490332
4,49871686,1.7,1,3490333
5,49874245,0.225,3,3490339
16,49863604,2.77,3,3490343
17,49867251,1,1,3490344
5,49867255,270.8,1,3490345
5,49870736,1.28,3,3490346
5,49870738,0.355,3,3490347
5,49870760,0.663,3,3490348
5,49870799,0.045,3,3490356
17,49879247,3.5,1,3490357
5,49872046,0.49,3,3490363
5,49878100,31,1,3490365
8,49878105,0.25,1,3490366
12,49879496,9.6,1,3490382
5,49866404,0.08,3,3490385
5,49866414,0.126,3,3490386
16,49867789,7.8,1,3490401
4,49879668,1.2,1,3490405
8,49864185,1,9,3490406
17,49865412,66,1,3490407
16,49879737,80,9,3490412
5,49864266,18,1,3490413
16,49877397,1,1,3490420
8,49863141,4,9,3490422
2,49863168,1.7,1,3490423
16,49872604,0.5,1,3490432
5,49870438,0.07,3,3490434
5,49880020,5.8,1,3490436
5,49840682,0.4,3,3490461
16,49838283,2,9,3490465
5,48108444,0.08,3,3478875
8,48108476,0.8,1,3478878
11,48108506,0.7,1,3478879
2,48108516,5.4,3,3478880
16,48108539,1,9,3478882
4,48106375,15.6,9,3478888
4,48106378,1.1,1,3478889
13,48107580,0.2,1,3478890
1,48106450,12.6,1,3478891
5,48107767,0.05,3,3478904
2,48102156,0.5,1,3478916
5,48104998,0.36,3,3478933
15,48101357,0.36,9,3478934
5,48101358,0.1,3,3478935
8,48101390,0.3,1,3478938
5,48101393,0.001,3,3478939
14,48115225,1,9,3478958
1,48115617,0.8,1,3478974
14,48116103,0.5,9,3478994
4,48110562,1,1,3479008
5,48111865,0.15,3,3479009
8,48110591,0.9,1,3479011
2,48111897,0.1,5,3479012
5,48111910,0.14,3,3479013
16,48111949,2.6,1,3479016
5,48128129,1.99,3,3479035
8,48128174,5.6,1,3479036
5,48129251,0.199,3,3479037
5,48127021,1.99,3,3479038
2,48127381,1,9,3479047
5,48127556,0.115,3,3479055
8,48127582,2,9,3479056
5,48126510,1.999,1,3479057
5,48126518,0.999,3,3479058
8,48129199,3.8,1,3479069
5,48129220,15,3,3479070
2,48123407,16.4,1,3479073
14,48121348,1.9,1,3479102
12,48123798,9,9,3479103
8,48123885,3,9,3479108
1,48121672,6,1,3479117
8,48122887,2,9,3479121
8,48120429,4,9,3479123
1,48121700,1.5,1,3479124
15,48123051,34.3,1,3479131
8,48124304,0.4,1,3479132
5,48120793,2,3,3479140
12,48123345,0.099,1,3479141
8,48137698,20.6,1,3479148
5,48136634,5,1,3479150
2,48134248,6.7,1,3479151
5,48137942,0.615,3,3479153
5,48137948,1.99,3,3479154
8,48136823,0.1,1,3479155
5,48136826,1.99,3,3479156
5,49102875,0.22,3,3483577
5,49102917,0.1,3,3483578
1,49102920,1.1,1,3483579
16,49104091,7,1,3483581
1,49104104,0.11,1,3483582
1,49105269,1,1,3483583
1,49053912,0.7,1,3483589
16,49416351,1,11,3487785
4,49414647,6.2,1,3487863
1,49417883,0.3,1,3487876
12,49460184,4.7,1,3487882
8,49460213,4,9,3487883
5,49462577,0.025,3,3487884
15,49462580,2,9,3487885
5,49468719,2.4,1,3487890
5,49462665,0.1,1,3487895
5,49466319,0.51,3,3487897
5,49473544,1,1,3487902
5,49473565,2,1,3487903
15,49456662,12,9,3487904
16,49466407,1.5,9,3487906
1,49466428,0.1,1,3487907
12,49471282,2,1,3487909
8,49456738,923,1,3487914
16,49471311,1,11,3487922
17,49471332,1,11,3487923
5,49459248,8.4,1,3487928
15,49459254,5.5,9,3487929
15,49459306,19,9,3487944
5,49460540,0.7,3,3487945
5,49472762,1,3,3487956
8,49461924,2,9,3487962
2,49471613,0.6,1,3487967
17,49471635,2,9,3487968
5,49459545,0.5,1,3487971
8,49459595,9,9,3487972
8,49459600,3.5,9,3487973
16,49465610,7,9,3487978
15,49465657,2,9,3487979
5,49465680,2.201,1,3487980
5,49472926,4.8,1,3487984
15,49463295,1,9,3487987
16,49463307,40,9,3487988
5,49465692,1,3,3487990
16,49465713,20,9,3487991
16,49468218,47,9,3487993
2,49470585,0.5,1,3487994
5,49470616,1,11,3487995
5,49463330,0.2,3,3488004
8,49466992,34,9,3488006
5,49474248,1,3,3488010
15,49459763,3,9,3488014
5,49856252,0.124,3,3490509
11,49847628,27,1,3490513
2,49855274,0.8,1,3490520
2,49855294,1,1,3490521
2,49855310,5,1,3490527
1,49855331,0.001,1,3490528
12,49851916,1.9,1,3490552
16,49854393,6.25,1,3490553
1,49850772,0.2,1,3490560
16,49851959,0.5,1,3490561
2,49849746,7,1,3490572
16,49950491,8.2,1,3490703
16,49950499,10,9,3490704
17,49958870,22,9,3490721
5,49942449,0.007,3,3490722
5,49945014,3,1,3490733
16,49945068,7,9,3490734
5,49958693,0.07,3,3490741
5,49949839,0.055,3,3490746
5,49957201,0.1,3,3490749
1,49949889,1,1,3490755
5,49951113,0.2,1,3490756
4,49953584,0.2,1,3490758
15,49953590,0.5,1,3490759
17,49947639,1,11,3490761
2,49941664,0.1,1,3490763
5,49958175,0.145,3,3490767
5,49958176,0.12,3,3490768
